(kicad_pcb (version 20171130) (host pcbnew 5.1.4)

  (general
    (thickness 1.6)
    (drawings 9)
    (tracks 615)
    (zones 0)
    (modules 47)
    (nets 200)
  )

  (page A4)
  (layers
    (0 F.Cu signal)
    (31 B.Cu signal)
    (32 B.Adhes user)
    (33 F.Adhes user)
    (34 B.Paste user)
    (35 F.Paste user)
    (36 B.SilkS user)
    (37 F.SilkS user)
    (38 B.Mask user)
    (39 F.Mask user)
    (40 Dwgs.User user)
    (41 Cmts.User user)
    (42 Eco1.User user)
    (43 Eco2.User user)
    (44 Edge.Cuts user)
    (45 Margin user)
    (46 B.CrtYd user)
    (47 F.CrtYd user)
    (48 B.Fab user hide)
    (49 F.Fab user hide)
  )

  (setup
    (last_trace_width 0.25)
    (user_trace_width 0.35)
    (user_trace_width 0.4)
    (user_trace_width 0.5)
    (user_trace_width 1)
    (user_trace_width 1.5)
    (trace_clearance 0.2)
    (zone_clearance 0.508)
    (zone_45_only no)
    (trace_min 0.2)
    (via_size 0.8)
    (via_drill 0.4)
    (via_min_size 0.4)
    (via_min_drill 0.3)
    (uvia_size 0.3)
    (uvia_drill 0.1)
    (uvias_allowed no)
    (uvia_min_size 0.2)
    (uvia_min_drill 0.1)
    (edge_width 0.2)
    (segment_width 0.2)
    (pcb_text_width 0.3)
    (pcb_text_size 1.5 1.5)
    (mod_edge_width 0.15)
    (mod_text_size 1 1)
    (mod_text_width 0.15)
    (pad_size 1.524 1.524)
    (pad_drill 0.762)
    (pad_to_mask_clearance 0.051)
    (solder_mask_min_width 0.25)
    (aux_axis_origin 0 0)
    (visible_elements FFFFFF7F)
    (pcbplotparams
      (layerselection 0x010fc_ffffffff)
      (usegerberextensions false)
      (usegerberattributes false)
      (usegerberadvancedattributes false)
      (creategerberjobfile false)
      (excludeedgelayer true)
      (linewidth 0.100000)
      (plotframeref false)
      (viasonmask false)
      (mode 1)
      (useauxorigin false)
      (hpglpennumber 1)
      (hpglpenspeed 20)
      (hpglpendiameter 15.000000)
      (psnegative false)
      (psa4output false)
      (plotreference true)
      (plotvalue true)
      (plotinvisibletext false)
      (padsonsilk false)
      (subtractmaskfromsilk false)
      (outputformat 1)
      (mirror false)
      (drillshape 1)
      (scaleselection 1)
      (outputdirectory ""))
  )

  (net 0 "")
  (net 1 "Net-(U1-Pad60)")
  (net 2 "Net-(U1-Pad59)")
  (net 3 "Net-(U1-Pad58)")
  (net 4 "Net-(U1-Pad57)")
  (net 5 "Net-(U1-Pad56)")
  (net 6 "Net-(U1-Pad55)")
  (net 7 "Net-(U1-Pad54)")
  (net 8 "Net-(U1-Pad53)")
  (net 9 "Net-(U1-Pad52)")
  (net 10 "Net-(U1-Pad51)")
  (net 11 "Net-(U1-Pad50)")
  (net 12 "Net-(U1-Pad49)")
  (net 13 "Net-(U1-Pad48)")
  (net 14 "Net-(U1-Pad47)")
  (net 15 "Net-(U1-Pad46)")
  (net 16 "Net-(U1-Pad45)")
  (net 17 "Net-(U1-Pad44)")
  (net 18 "Net-(U1-Pad42)")
  (net 19 "Net-(U1-Pad41)")
  (net 20 "Net-(U1-Pad40)")
  (net 21 "Net-(U1-Pad39)")
  (net 22 "Net-(U1-Pad38)")
  (net 23 "Net-(U1-Pad37)")
  (net 24 "Net-(U1-Pad36)")
  (net 25 "Net-(U1-Pad35)")
  (net 26 "Net-(U1-Pad34)")
  (net 27 "Net-(U1-Pad33)")
  (net 28 "Net-(U1-Pad31)")
  (net 29 "Net-(U1-Pad30)")
  (net 30 "Net-(U1-Pad29)")
  (net 31 "Net-(U1-Pad28)")
  (net 32 "Net-(U1-Pad27)")
  (net 33 "Net-(U1-Pad26)")
  (net 34 "Net-(U1-Pad25)")
  (net 35 "Net-(U1-Pad24)")
  (net 36 "Net-(U1-Pad23)")
  (net 37 "Net-(U1-Pad22)")
  (net 38 "Net-(U1-Pad20)")
  (net 39 "Net-(U1-Pad19)")
  (net 40 "Net-(U1-Pad18)")
  (net 41 "Net-(U1-Pad17)")
  (net 42 "Net-(U1-Pad16)")
  (net 43 "Net-(U1-Pad15)")
  (net 44 "Net-(U1-Pad14)")
  (net 45 "Net-(U1-Pad13)")
  (net 46 "Net-(U1-Pad12)")
  (net 47 "Net-(U1-Pad11)")
  (net 48 "Net-(U1-Pad10)")
  (net 49 "Net-(U1-Pad9)")
  (net 50 "Net-(U1-Pad8)")
  (net 51 "Net-(U1-Pad7)")
  (net 52 "Net-(U1-Pad6)")
  (net 53 "Net-(U1-Pad5)")
  (net 54 "Net-(U1-Pad4)")
  (net 55 "Net-(U1-Pad3)")
  (net 56 "Net-(R2-Pad1)")
  (net 57 "Net-(R1-Pad1)")
  (net 58 +3V3)
  (net 59 "Net-(C3-Pad2)")
  (net 60 /Filament_PWR)
  (net 61 "Net-(U18-Pad15)")
  (net 62 "Net-(U18-Pad16)")
  (net 63 GND)
  (net 64 "Net-(U13-Pad7)")
  (net 65 "Net-(U13-Pad6)")
  (net 66 "Net-(U12-Pad9)")
  (net 67 "Net-(U11-Pad9)")
  (net 68 "Net-(U10-Pad9)")
  (net 69 /Filament_ADC)
  (net 70 "Net-(C12-Pad2)")
  (net 71 "Net-(R3-Pad1)")
  (net 72 "Net-(U20-Pad1)")
  (net 73 "Net-(U20-Pad2)")
  (net 74 "Net-(U20-Pad3)")
  (net 75 "Net-(U20-Pad4)")
  (net 76 "Net-(U20-Pad5)")
  (net 77 "Net-(U20-Pad6)")
  (net 78 "Net-(U20-Pad7)")
  (net 79 "Net-(U20-Pad10)")
  (net 80 "Net-(U20-Pad11)")
  (net 81 "Net-(U20-Pad12)")
  (net 82 "Net-(U20-Pad13)")
  (net 83 "Net-(U20-Pad14)")
  (net 84 "Net-(U20-Pad15)")
  (net 85 "Net-(U20-Pad16)")
  (net 86 "Net-(U20-Pad17)")
  (net 87 "Net-(U20-Pad18)")
  (net 88 "Net-(U20-Pad19)")
  (net 89 "Net-(U20-Pad20)")
  (net 90 "Net-(U20-Pad21)")
  (net 91 "Net-(U20-Pad22)")
  (net 92 "Net-(U20-Pad24)")
  (net 93 "Net-(U20-Pad25)")
  (net 94 "Net-(U20-Pad26)")
  (net 95 "Net-(U20-Pad27)")
  (net 96 "Net-(U20-Pad28)")
  (net 97 "Net-(U20-Pad29)")
  (net 98 "Net-(U20-Pad30)")
  (net 99 "Net-(U20-Pad31)")
  (net 100 "Net-(U20-Pad32)")
  (net 101 "Net-(U20-Pad33)")
  (net 102 "Net-(U20-Pad34)")
  (net 103 "Net-(U20-Pad36)")
  (net 104 "Net-(U20-Pad37)")
  (net 105 "Net-(U20-Pad38)")
  (net 106 "Net-(U20-Pad39)")
  (net 107 "Net-(U20-Pad40)")
  (net 108 "Net-(U20-Pad41)")
  (net 109 "Net-(U20-Pad42)")
  (net 110 "Net-(U20-Pad43)")
  (net 111 "Net-(U20-Pad44)")
  (net 112 "Net-(U20-Pad45)")
  (net 113 "Net-(U20-Pad46)")
  (net 114 "Net-(U20-Pad48)")
  (net 115 "Net-(SW1-Pad2)")
  (net 116 "Net-(SW1-Pad3)")
  (net 117 "Net-(SW1-Pad4)")
  (net 118 /Logic/Select_Master_Slave)
  (net 119 /VFD/P10)
  (net 120 /VFD/P11)
  (net 121 /VFD/P12)
  (net 122 /VFD/P13)
  (net 123 /VFD/P14)
  (net 124 /VFD/P15)
  (net 125 /VFD/P16)
  (net 126 /VFD/P9)
  (net 127 /VFD/P1)
  (net 128 /VFD/P8)
  (net 129 /VFD/P7)
  (net 130 /VFD/P6)
  (net 131 /VFD/P5)
  (net 132 /VFD/P4)
  (net 133 /VFD/P3)
  (net 134 /VFD/P2)
  (net 135 "Net-(U9-Pad16)")
  (net 136 /VFD/P24)
  (net 137 /VFD/P23)
  (net 138 /VFD/P22)
  (net 139 /VFD/P21)
  (net 140 /VFD/P20)
  (net 141 /VFD/P19)
  (net 142 "Net-(U9-Pad1)")
  (net 143 /VFD/P26)
  (net 144 /VFD/P27)
  (net 145 /VFD/P28)
  (net 146 /VFD/P29)
  (net 147 /VFD/P30)
  (net 148 /VFD/P31)
  (net 149 /VFD/P32)
  (net 150 /VFD/P25)
  (net 151 /VFD/P34)
  (net 152 /VFD/P35)
  (net 153 /VFD/G1)
  (net 154 /VFD/G2)
  (net 155 /VFD/G3)
  (net 156 /VFD/G4)
  (net 157 "Net-(U14-Pad9)")
  (net 158 /VFD/P33)
  (net 159 /VFD/G5)
  (net 160 "Net-(U15-Pad9)")
  (net 161 /VFD/G12)
  (net 162 /VFD/G11)
  (net 163 /VFD/G10)
  (net 164 /VFD/G9)
  (net 165 /VFD/G8)
  (net 166 /VFD/G7)
  (net 167 /VFD/G6)
  (net 168 "Net-(U16-Pad9)")
  (net 169 "Net-(U17-Pad9)")
  (net 170 /VFD/P17)
  (net 171 /VFD/P18)
  (net 172 /VFD/G20)
  (net 173 /VFD/G19)
  (net 174 /VFD/G18)
  (net 175 /VFD/G13)
  (net 176 /VFD/G14)
  (net 177 /VFD/G15)
  (net 178 /VFD/G16)
  (net 179 /VFD/G17)
  (net 180 "Net-(U17-Pad6)")
  (net 181 "Net-(U17-Pad7)")
  (net 182 "Net-(U15-Pad2)")
  (net 183 "Net-(U15-Pad3)")
  (net 184 "Net-(U15-Pad4)")
  (net 185 "Net-(U12-Pad3)")
  (net 186 "Net-(U12-Pad2)")
  (net 187 /VFD/Filament_In_A)
  (net 188 /VFD/Filament_In_B)
  (net 189 /Logic/Filament_PWM2)
  (net 190 /Logic/Filament_PWM1)
  (net 191 /Logic/Filament_Enable)
  (net 192 /Logic/Grids_Anodes_SPI_MOSI)
  (net 193 /Grids_Anodes_Power)
  (net 194 /VFD/RCLK1)
  (net 195 /VFD/SRCLK1)
  (net 196 /VFD/SPI_Grids_Anodes_1_out)
  (net 197 /VFD/SPI_Grids_Anodes_2)
  (net 198 /VFD/RCLK2)
  (net 199 /VFD/SRCLK2)

  (net_class Default "Ceci est la Netclass par défaut."
    (clearance 0.2)
    (trace_width 0.25)
    (via_dia 0.8)
    (via_drill 0.4)
    (uvia_dia 0.3)
    (uvia_drill 0.1)
    (add_net +3V3)
    (add_net /Filament_ADC)
    (add_net /Filament_PWR)
    (add_net /Grids_Anodes_Power)
    (add_net /Logic/Filament_Enable)
    (add_net /Logic/Filament_PWM1)
    (add_net /Logic/Filament_PWM2)
    (add_net /Logic/Grids_Anodes_SPI_MOSI)
    (add_net /Logic/Select_Master_Slave)
    (add_net /VFD/Filament_In_A)
    (add_net /VFD/Filament_In_B)
    (add_net /VFD/G1)
    (add_net /VFD/G10)
    (add_net /VFD/G11)
    (add_net /VFD/G12)
    (add_net /VFD/G13)
    (add_net /VFD/G14)
    (add_net /VFD/G15)
    (add_net /VFD/G16)
    (add_net /VFD/G17)
    (add_net /VFD/G18)
    (add_net /VFD/G19)
    (add_net /VFD/G2)
    (add_net /VFD/G20)
    (add_net /VFD/G3)
    (add_net /VFD/G4)
    (add_net /VFD/G5)
    (add_net /VFD/G6)
    (add_net /VFD/G7)
    (add_net /VFD/G8)
    (add_net /VFD/G9)
    (add_net /VFD/P1)
    (add_net /VFD/P10)
    (add_net /VFD/P11)
    (add_net /VFD/P12)
    (add_net /VFD/P13)
    (add_net /VFD/P14)
    (add_net /VFD/P15)
    (add_net /VFD/P16)
    (add_net /VFD/P17)
    (add_net /VFD/P18)
    (add_net /VFD/P19)
    (add_net /VFD/P2)
    (add_net /VFD/P20)
    (add_net /VFD/P21)
    (add_net /VFD/P22)
    (add_net /VFD/P23)
    (add_net /VFD/P24)
    (add_net /VFD/P25)
    (add_net /VFD/P26)
    (add_net /VFD/P27)
    (add_net /VFD/P28)
    (add_net /VFD/P29)
    (add_net /VFD/P3)
    (add_net /VFD/P30)
    (add_net /VFD/P31)
    (add_net /VFD/P32)
    (add_net /VFD/P33)
    (add_net /VFD/P34)
    (add_net /VFD/P35)
    (add_net /VFD/P4)
    (add_net /VFD/P5)
    (add_net /VFD/P6)
    (add_net /VFD/P7)
    (add_net /VFD/P8)
    (add_net /VFD/P9)
    (add_net /VFD/RCLK1)
    (add_net /VFD/RCLK2)
    (add_net /VFD/SPI_Grids_Anodes_1_out)
    (add_net /VFD/SPI_Grids_Anodes_2)
    (add_net /VFD/SRCLK1)
    (add_net /VFD/SRCLK2)
    (add_net GND)
    (add_net "Net-(C12-Pad2)")
    (add_net "Net-(C3-Pad2)")
    (add_net "Net-(R1-Pad1)")
    (add_net "Net-(R2-Pad1)")
    (add_net "Net-(R3-Pad1)")
    (add_net "Net-(SW1-Pad2)")
    (add_net "Net-(SW1-Pad3)")
    (add_net "Net-(SW1-Pad4)")
    (add_net "Net-(U1-Pad10)")
    (add_net "Net-(U1-Pad11)")
    (add_net "Net-(U1-Pad12)")
    (add_net "Net-(U1-Pad13)")
    (add_net "Net-(U1-Pad14)")
    (add_net "Net-(U1-Pad15)")
    (add_net "Net-(U1-Pad16)")
    (add_net "Net-(U1-Pad17)")
    (add_net "Net-(U1-Pad18)")
    (add_net "Net-(U1-Pad19)")
    (add_net "Net-(U1-Pad20)")
    (add_net "Net-(U1-Pad22)")
    (add_net "Net-(U1-Pad23)")
    (add_net "Net-(U1-Pad24)")
    (add_net "Net-(U1-Pad25)")
    (add_net "Net-(U1-Pad26)")
    (add_net "Net-(U1-Pad27)")
    (add_net "Net-(U1-Pad28)")
    (add_net "Net-(U1-Pad29)")
    (add_net "Net-(U1-Pad3)")
    (add_net "Net-(U1-Pad30)")
    (add_net "Net-(U1-Pad31)")
    (add_net "Net-(U1-Pad33)")
    (add_net "Net-(U1-Pad34)")
    (add_net "Net-(U1-Pad35)")
    (add_net "Net-(U1-Pad36)")
    (add_net "Net-(U1-Pad37)")
    (add_net "Net-(U1-Pad38)")
    (add_net "Net-(U1-Pad39)")
    (add_net "Net-(U1-Pad4)")
    (add_net "Net-(U1-Pad40)")
    (add_net "Net-(U1-Pad41)")
    (add_net "Net-(U1-Pad42)")
    (add_net "Net-(U1-Pad44)")
    (add_net "Net-(U1-Pad45)")
    (add_net "Net-(U1-Pad46)")
    (add_net "Net-(U1-Pad47)")
    (add_net "Net-(U1-Pad48)")
    (add_net "Net-(U1-Pad49)")
    (add_net "Net-(U1-Pad5)")
    (add_net "Net-(U1-Pad50)")
    (add_net "Net-(U1-Pad51)")
    (add_net "Net-(U1-Pad52)")
    (add_net "Net-(U1-Pad53)")
    (add_net "Net-(U1-Pad54)")
    (add_net "Net-(U1-Pad55)")
    (add_net "Net-(U1-Pad56)")
    (add_net "Net-(U1-Pad57)")
    (add_net "Net-(U1-Pad58)")
    (add_net "Net-(U1-Pad59)")
    (add_net "Net-(U1-Pad6)")
    (add_net "Net-(U1-Pad60)")
    (add_net "Net-(U1-Pad7)")
    (add_net "Net-(U1-Pad8)")
    (add_net "Net-(U1-Pad9)")
    (add_net "Net-(U10-Pad9)")
    (add_net "Net-(U11-Pad9)")
    (add_net "Net-(U12-Pad2)")
    (add_net "Net-(U12-Pad3)")
    (add_net "Net-(U12-Pad9)")
    (add_net "Net-(U13-Pad6)")
    (add_net "Net-(U13-Pad7)")
    (add_net "Net-(U14-Pad9)")
    (add_net "Net-(U15-Pad2)")
    (add_net "Net-(U15-Pad3)")
    (add_net "Net-(U15-Pad4)")
    (add_net "Net-(U15-Pad9)")
    (add_net "Net-(U16-Pad9)")
    (add_net "Net-(U17-Pad6)")
    (add_net "Net-(U17-Pad7)")
    (add_net "Net-(U17-Pad9)")
    (add_net "Net-(U18-Pad15)")
    (add_net "Net-(U18-Pad16)")
    (add_net "Net-(U20-Pad1)")
    (add_net "Net-(U20-Pad10)")
    (add_net "Net-(U20-Pad11)")
    (add_net "Net-(U20-Pad12)")
    (add_net "Net-(U20-Pad13)")
    (add_net "Net-(U20-Pad14)")
    (add_net "Net-(U20-Pad15)")
    (add_net "Net-(U20-Pad16)")
    (add_net "Net-(U20-Pad17)")
    (add_net "Net-(U20-Pad18)")
    (add_net "Net-(U20-Pad19)")
    (add_net "Net-(U20-Pad2)")
    (add_net "Net-(U20-Pad20)")
    (add_net "Net-(U20-Pad21)")
    (add_net "Net-(U20-Pad22)")
    (add_net "Net-(U20-Pad24)")
    (add_net "Net-(U20-Pad25)")
    (add_net "Net-(U20-Pad26)")
    (add_net "Net-(U20-Pad27)")
    (add_net "Net-(U20-Pad28)")
    (add_net "Net-(U20-Pad29)")
    (add_net "Net-(U20-Pad3)")
    (add_net "Net-(U20-Pad30)")
    (add_net "Net-(U20-Pad31)")
    (add_net "Net-(U20-Pad32)")
    (add_net "Net-(U20-Pad33)")
    (add_net "Net-(U20-Pad34)")
    (add_net "Net-(U20-Pad36)")
    (add_net "Net-(U20-Pad37)")
    (add_net "Net-(U20-Pad38)")
    (add_net "Net-(U20-Pad39)")
    (add_net "Net-(U20-Pad4)")
    (add_net "Net-(U20-Pad40)")
    (add_net "Net-(U20-Pad41)")
    (add_net "Net-(U20-Pad42)")
    (add_net "Net-(U20-Pad43)")
    (add_net "Net-(U20-Pad44)")
    (add_net "Net-(U20-Pad45)")
    (add_net "Net-(U20-Pad46)")
    (add_net "Net-(U20-Pad48)")
    (add_net "Net-(U20-Pad5)")
    (add_net "Net-(U20-Pad6)")
    (add_net "Net-(U20-Pad7)")
    (add_net "Net-(U9-Pad1)")
    (add_net "Net-(U9-Pad16)")
  )

  (module Capacitor_SMD:C_0805_2012Metric_Pad1.15x1.40mm_HandSolder (layer F.Cu) (tedit 5B36C52B) (tstamp 5C7C4388)
    (at 336.6 60 270)
    (descr "Capacitor SMD 0805 (2012 Metric), square (rectangular) end terminal, IPC_7351 nominal with elongated pad for handsoldering. (Body size source: https://docs.google.com/spreadsheets/d/1BsfQQcO9C6DZCsRaXUlFlo91Tg2WpOkGARC1WS5S8t0/edit?usp=sharing), generated with kicad-footprint-generator")
    (tags "capacitor handsolder")
    (path /5C046833/5C804AED)
    (attr smd)
    (fp_text reference C20 (at 0 -1.65 270) (layer F.SilkS)
      (effects (font (size 1 1) (thickness 0.15)))
    )
    (fp_text value 100n (at 0 1.65 270) (layer F.Fab)
      (effects (font (size 1 1) (thickness 0.15)))
    )
    (fp_text user %R (at 0 0 270) (layer F.Fab)
      (effects (font (size 0.5 0.5) (thickness 0.08)))
    )
    (fp_line (start 1.85 0.95) (end -1.85 0.95) (layer F.CrtYd) (width 0.05))
    (fp_line (start 1.85 -0.95) (end 1.85 0.95) (layer F.CrtYd) (width 0.05))
    (fp_line (start -1.85 -0.95) (end 1.85 -0.95) (layer F.CrtYd) (width 0.05))
    (fp_line (start -1.85 0.95) (end -1.85 -0.95) (layer F.CrtYd) (width 0.05))
    (fp_line (start -0.261252 0.71) (end 0.261252 0.71) (layer F.SilkS) (width 0.12))
    (fp_line (start -0.261252 -0.71) (end 0.261252 -0.71) (layer F.SilkS) (width 0.12))
    (fp_line (start 1 0.6) (end -1 0.6) (layer F.Fab) (width 0.1))
    (fp_line (start 1 -0.6) (end 1 0.6) (layer F.Fab) (width 0.1))
    (fp_line (start -1 -0.6) (end 1 -0.6) (layer F.Fab) (width 0.1))
    (fp_line (start -1 0.6) (end -1 -0.6) (layer F.Fab) (width 0.1))
    (pad 2 smd roundrect (at 1.025 0 270) (size 1.15 1.4) (layers F.Cu F.Paste F.Mask) (roundrect_rratio 0.217391)
      (net 193 /Grids_Anodes_Power))
    (pad 1 smd roundrect (at -1.025 0 270) (size 1.15 1.4) (layers F.Cu F.Paste F.Mask) (roundrect_rratio 0.217391)
      (net 63 GND))
    (model ${KISYS3DMOD}/Capacitor_SMD.3dshapes/C_0805_2012Metric.wrl
      (at (xyz 0 0 0))
      (scale (xyz 1 1 1))
      (rotate (xyz 0 0 0))
    )
  )

  (module Capacitor_SMD:C_0805_2012Metric_Pad1.15x1.40mm_HandSolder (layer F.Cu) (tedit 5B36C52B) (tstamp 5C7C4377)
    (at 318.8 60 270)
    (descr "Capacitor SMD 0805 (2012 Metric), square (rectangular) end terminal, IPC_7351 nominal with elongated pad for handsoldering. (Body size source: https://docs.google.com/spreadsheets/d/1BsfQQcO9C6DZCsRaXUlFlo91Tg2WpOkGARC1WS5S8t0/edit?usp=sharing), generated with kicad-footprint-generator")
    (tags "capacitor handsolder")
    (path /5C046833/5C7F85FE)
    (attr smd)
    (fp_text reference C19 (at 0 -1.65 270) (layer F.SilkS)
      (effects (font (size 1 1) (thickness 0.15)))
    )
    (fp_text value 100n (at 0 1.65 270) (layer F.Fab)
      (effects (font (size 1 1) (thickness 0.15)))
    )
    (fp_line (start -1 0.6) (end -1 -0.6) (layer F.Fab) (width 0.1))
    (fp_line (start -1 -0.6) (end 1 -0.6) (layer F.Fab) (width 0.1))
    (fp_line (start 1 -0.6) (end 1 0.6) (layer F.Fab) (width 0.1))
    (fp_line (start 1 0.6) (end -1 0.6) (layer F.Fab) (width 0.1))
    (fp_line (start -0.261252 -0.71) (end 0.261252 -0.71) (layer F.SilkS) (width 0.12))
    (fp_line (start -0.261252 0.71) (end 0.261252 0.71) (layer F.SilkS) (width 0.12))
    (fp_line (start -1.85 0.95) (end -1.85 -0.95) (layer F.CrtYd) (width 0.05))
    (fp_line (start -1.85 -0.95) (end 1.85 -0.95) (layer F.CrtYd) (width 0.05))
    (fp_line (start 1.85 -0.95) (end 1.85 0.95) (layer F.CrtYd) (width 0.05))
    (fp_line (start 1.85 0.95) (end -1.85 0.95) (layer F.CrtYd) (width 0.05))
    (fp_text user %R (at 0 0 270) (layer F.Fab)
      (effects (font (size 0.5 0.5) (thickness 0.08)))
    )
    (pad 1 smd roundrect (at -1.025 0 270) (size 1.15 1.4) (layers F.Cu F.Paste F.Mask) (roundrect_rratio 0.217391)
      (net 63 GND))
    (pad 2 smd roundrect (at 1.025 0 270) (size 1.15 1.4) (layers F.Cu F.Paste F.Mask) (roundrect_rratio 0.217391)
      (net 193 /Grids_Anodes_Power))
    (model ${KISYS3DMOD}/Capacitor_SMD.3dshapes/C_0805_2012Metric.wrl
      (at (xyz 0 0 0))
      (scale (xyz 1 1 1))
      (rotate (xyz 0 0 0))
    )
  )

  (module Capacitor_SMD:C_0805_2012Metric_Pad1.15x1.40mm_HandSolder (layer F.Cu) (tedit 5B36C52B) (tstamp 5C7C4366)
    (at 301 60 270)
    (descr "Capacitor SMD 0805 (2012 Metric), square (rectangular) end terminal, IPC_7351 nominal with elongated pad for handsoldering. (Body size source: https://docs.google.com/spreadsheets/d/1BsfQQcO9C6DZCsRaXUlFlo91Tg2WpOkGARC1WS5S8t0/edit?usp=sharing), generated with kicad-footprint-generator")
    (tags "capacitor handsolder")
    (path /5C046833/5C7EC22F)
    (attr smd)
    (fp_text reference C18 (at 0 -1.65 270) (layer F.SilkS)
      (effects (font (size 1 1) (thickness 0.15)))
    )
    (fp_text value 100n (at 0 1.65 270) (layer F.Fab)
      (effects (font (size 1 1) (thickness 0.15)))
    )
    (fp_text user %R (at 0 0 270) (layer F.Fab)
      (effects (font (size 0.5 0.5) (thickness 0.08)))
    )
    (fp_line (start 1.85 0.95) (end -1.85 0.95) (layer F.CrtYd) (width 0.05))
    (fp_line (start 1.85 -0.95) (end 1.85 0.95) (layer F.CrtYd) (width 0.05))
    (fp_line (start -1.85 -0.95) (end 1.85 -0.95) (layer F.CrtYd) (width 0.05))
    (fp_line (start -1.85 0.95) (end -1.85 -0.95) (layer F.CrtYd) (width 0.05))
    (fp_line (start -0.261252 0.71) (end 0.261252 0.71) (layer F.SilkS) (width 0.12))
    (fp_line (start -0.261252 -0.71) (end 0.261252 -0.71) (layer F.SilkS) (width 0.12))
    (fp_line (start 1 0.6) (end -1 0.6) (layer F.Fab) (width 0.1))
    (fp_line (start 1 -0.6) (end 1 0.6) (layer F.Fab) (width 0.1))
    (fp_line (start -1 -0.6) (end 1 -0.6) (layer F.Fab) (width 0.1))
    (fp_line (start -1 0.6) (end -1 -0.6) (layer F.Fab) (width 0.1))
    (pad 2 smd roundrect (at 1.025 0 270) (size 1.15 1.4) (layers F.Cu F.Paste F.Mask) (roundrect_rratio 0.217391)
      (net 193 /Grids_Anodes_Power))
    (pad 1 smd roundrect (at -1.025 0 270) (size 1.15 1.4) (layers F.Cu F.Paste F.Mask) (roundrect_rratio 0.217391)
      (net 63 GND))
    (model ${KISYS3DMOD}/Capacitor_SMD.3dshapes/C_0805_2012Metric.wrl
      (at (xyz 0 0 0))
      (scale (xyz 1 1 1))
      (rotate (xyz 0 0 0))
    )
  )

  (module Capacitor_SMD:C_0805_2012Metric_Pad1.15x1.40mm_HandSolder (layer F.Cu) (tedit 5B36C52B) (tstamp 5C7C4355)
    (at 283.2 60 270)
    (descr "Capacitor SMD 0805 (2012 Metric), square (rectangular) end terminal, IPC_7351 nominal with elongated pad for handsoldering. (Body size source: https://docs.google.com/spreadsheets/d/1BsfQQcO9C6DZCsRaXUlFlo91Tg2WpOkGARC1WS5S8t0/edit?usp=sharing), generated with kicad-footprint-generator")
    (tags "capacitor handsolder")
    (path /5C046833/5C7E028C)
    (attr smd)
    (fp_text reference C17 (at 0 -1.65 270) (layer F.SilkS)
      (effects (font (size 1 1) (thickness 0.15)))
    )
    (fp_text value 100n (at 0 1.65 270) (layer F.Fab)
      (effects (font (size 1 1) (thickness 0.15)))
    )
    (fp_line (start -1 0.6) (end -1 -0.6) (layer F.Fab) (width 0.1))
    (fp_line (start -1 -0.6) (end 1 -0.6) (layer F.Fab) (width 0.1))
    (fp_line (start 1 -0.6) (end 1 0.6) (layer F.Fab) (width 0.1))
    (fp_line (start 1 0.6) (end -1 0.6) (layer F.Fab) (width 0.1))
    (fp_line (start -0.261252 -0.71) (end 0.261252 -0.71) (layer F.SilkS) (width 0.12))
    (fp_line (start -0.261252 0.71) (end 0.261252 0.71) (layer F.SilkS) (width 0.12))
    (fp_line (start -1.85 0.95) (end -1.85 -0.95) (layer F.CrtYd) (width 0.05))
    (fp_line (start -1.85 -0.95) (end 1.85 -0.95) (layer F.CrtYd) (width 0.05))
    (fp_line (start 1.85 -0.95) (end 1.85 0.95) (layer F.CrtYd) (width 0.05))
    (fp_line (start 1.85 0.95) (end -1.85 0.95) (layer F.CrtYd) (width 0.05))
    (fp_text user %R (at 0 0 270) (layer F.Fab)
      (effects (font (size 0.5 0.5) (thickness 0.08)))
    )
    (pad 1 smd roundrect (at -1.025 0 270) (size 1.15 1.4) (layers F.Cu F.Paste F.Mask) (roundrect_rratio 0.217391)
      (net 63 GND))
    (pad 2 smd roundrect (at 1.025 0 270) (size 1.15 1.4) (layers F.Cu F.Paste F.Mask) (roundrect_rratio 0.217391)
      (net 193 /Grids_Anodes_Power))
    (model ${KISYS3DMOD}/Capacitor_SMD.3dshapes/C_0805_2012Metric.wrl
      (at (xyz 0 0 0))
      (scale (xyz 1 1 1))
      (rotate (xyz 0 0 0))
    )
  )

  (module Capacitor_SMD:C_0805_2012Metric_Pad1.15x1.40mm_HandSolder (layer F.Cu) (tedit 5B36C52B) (tstamp 5C7C4344)
    (at 108 60 270)
    (descr "Capacitor SMD 0805 (2012 Metric), square (rectangular) end terminal, IPC_7351 nominal with elongated pad for handsoldering. (Body size source: https://docs.google.com/spreadsheets/d/1BsfQQcO9C6DZCsRaXUlFlo91Tg2WpOkGARC1WS5S8t0/edit?usp=sharing), generated with kicad-footprint-generator")
    (tags "capacitor handsolder")
    (path /5C046833/5C7D46BF)
    (attr smd)
    (fp_text reference C16 (at 0 -1.65 270) (layer F.SilkS)
      (effects (font (size 1 1) (thickness 0.15)))
    )
    (fp_text value 100n (at 0 1.65 270) (layer F.Fab)
      (effects (font (size 1 1) (thickness 0.15)))
    )
    (fp_text user %R (at 0 0 270) (layer F.Fab)
      (effects (font (size 0.5 0.5) (thickness 0.08)))
    )
    (fp_line (start 1.85 0.95) (end -1.85 0.95) (layer F.CrtYd) (width 0.05))
    (fp_line (start 1.85 -0.95) (end 1.85 0.95) (layer F.CrtYd) (width 0.05))
    (fp_line (start -1.85 -0.95) (end 1.85 -0.95) (layer F.CrtYd) (width 0.05))
    (fp_line (start -1.85 0.95) (end -1.85 -0.95) (layer F.CrtYd) (width 0.05))
    (fp_line (start -0.261252 0.71) (end 0.261252 0.71) (layer F.SilkS) (width 0.12))
    (fp_line (start -0.261252 -0.71) (end 0.261252 -0.71) (layer F.SilkS) (width 0.12))
    (fp_line (start 1 0.6) (end -1 0.6) (layer F.Fab) (width 0.1))
    (fp_line (start 1 -0.6) (end 1 0.6) (layer F.Fab) (width 0.1))
    (fp_line (start -1 -0.6) (end 1 -0.6) (layer F.Fab) (width 0.1))
    (fp_line (start -1 0.6) (end -1 -0.6) (layer F.Fab) (width 0.1))
    (pad 2 smd roundrect (at 1.025 0 270) (size 1.15 1.4) (layers F.Cu F.Paste F.Mask) (roundrect_rratio 0.217391)
      (net 193 /Grids_Anodes_Power))
    (pad 1 smd roundrect (at -1.025 0 270) (size 1.15 1.4) (layers F.Cu F.Paste F.Mask) (roundrect_rratio 0.217391)
      (net 63 GND))
    (model ${KISYS3DMOD}/Capacitor_SMD.3dshapes/C_0805_2012Metric.wrl
      (at (xyz 0 0 0))
      (scale (xyz 1 1 1))
      (rotate (xyz 0 0 0))
    )
  )

  (module Capacitor_SMD:C_0805_2012Metric_Pad1.15x1.40mm_HandSolder (layer F.Cu) (tedit 5B36C52B) (tstamp 5C7C4333)
    (at 90.2 60 270)
    (descr "Capacitor SMD 0805 (2012 Metric), square (rectangular) end terminal, IPC_7351 nominal with elongated pad for handsoldering. (Body size source: https://docs.google.com/spreadsheets/d/1BsfQQcO9C6DZCsRaXUlFlo91Tg2WpOkGARC1WS5S8t0/edit?usp=sharing), generated with kicad-footprint-generator")
    (tags "capacitor handsolder")
    (path /5C046833/5C7C924E)
    (attr smd)
    (fp_text reference C15 (at 0 -1.65 270) (layer F.SilkS)
      (effects (font (size 1 1) (thickness 0.15)))
    )
    (fp_text value 100n (at 0 1.65 270) (layer F.Fab)
      (effects (font (size 1 1) (thickness 0.15)))
    )
    (fp_line (start -1 0.6) (end -1 -0.6) (layer F.Fab) (width 0.1))
    (fp_line (start -1 -0.6) (end 1 -0.6) (layer F.Fab) (width 0.1))
    (fp_line (start 1 -0.6) (end 1 0.6) (layer F.Fab) (width 0.1))
    (fp_line (start 1 0.6) (end -1 0.6) (layer F.Fab) (width 0.1))
    (fp_line (start -0.261252 -0.71) (end 0.261252 -0.71) (layer F.SilkS) (width 0.12))
    (fp_line (start -0.261252 0.71) (end 0.261252 0.71) (layer F.SilkS) (width 0.12))
    (fp_line (start -1.85 0.95) (end -1.85 -0.95) (layer F.CrtYd) (width 0.05))
    (fp_line (start -1.85 -0.95) (end 1.85 -0.95) (layer F.CrtYd) (width 0.05))
    (fp_line (start 1.85 -0.95) (end 1.85 0.95) (layer F.CrtYd) (width 0.05))
    (fp_line (start 1.85 0.95) (end -1.85 0.95) (layer F.CrtYd) (width 0.05))
    (fp_text user %R (at 0 0 270) (layer F.Fab)
      (effects (font (size 0.5 0.5) (thickness 0.08)))
    )
    (pad 1 smd roundrect (at -1.025 0 270) (size 1.15 1.4) (layers F.Cu F.Paste F.Mask) (roundrect_rratio 0.217391)
      (net 63 GND))
    (pad 2 smd roundrect (at 1.025 0 270) (size 1.15 1.4) (layers F.Cu F.Paste F.Mask) (roundrect_rratio 0.217391)
      (net 193 /Grids_Anodes_Power))
    (model ${KISYS3DMOD}/Capacitor_SMD.3dshapes/C_0805_2012Metric.wrl
      (at (xyz 0 0 0))
      (scale (xyz 1 1 1))
      (rotate (xyz 0 0 0))
    )
  )

  (module Capacitor_SMD:C_0805_2012Metric_Pad1.15x1.40mm_HandSolder (layer F.Cu) (tedit 5B36C52B) (tstamp 5C7C4322)
    (at 72.4 60 270)
    (descr "Capacitor SMD 0805 (2012 Metric), square (rectangular) end terminal, IPC_7351 nominal with elongated pad for handsoldering. (Body size source: https://docs.google.com/spreadsheets/d/1BsfQQcO9C6DZCsRaXUlFlo91Tg2WpOkGARC1WS5S8t0/edit?usp=sharing), generated with kicad-footprint-generator")
    (tags "capacitor handsolder")
    (path /5C046833/5C7BDF3A)
    (attr smd)
    (fp_text reference C14 (at 0 -1.65 270) (layer F.SilkS)
      (effects (font (size 1 1) (thickness 0.15)))
    )
    (fp_text value 100n (at 0 1.65 270) (layer F.Fab)
      (effects (font (size 1 1) (thickness 0.15)))
    )
    (fp_text user %R (at 0 0 270) (layer F.Fab)
      (effects (font (size 0.5 0.5) (thickness 0.08)))
    )
    (fp_line (start 1.85 0.95) (end -1.85 0.95) (layer F.CrtYd) (width 0.05))
    (fp_line (start 1.85 -0.95) (end 1.85 0.95) (layer F.CrtYd) (width 0.05))
    (fp_line (start -1.85 -0.95) (end 1.85 -0.95) (layer F.CrtYd) (width 0.05))
    (fp_line (start -1.85 0.95) (end -1.85 -0.95) (layer F.CrtYd) (width 0.05))
    (fp_line (start -0.261252 0.71) (end 0.261252 0.71) (layer F.SilkS) (width 0.12))
    (fp_line (start -0.261252 -0.71) (end 0.261252 -0.71) (layer F.SilkS) (width 0.12))
    (fp_line (start 1 0.6) (end -1 0.6) (layer F.Fab) (width 0.1))
    (fp_line (start 1 -0.6) (end 1 0.6) (layer F.Fab) (width 0.1))
    (fp_line (start -1 -0.6) (end 1 -0.6) (layer F.Fab) (width 0.1))
    (fp_line (start -1 0.6) (end -1 -0.6) (layer F.Fab) (width 0.1))
    (pad 2 smd roundrect (at 1.025 0 270) (size 1.15 1.4) (layers F.Cu F.Paste F.Mask) (roundrect_rratio 0.217391)
      (net 193 /Grids_Anodes_Power))
    (pad 1 smd roundrect (at -1.025 0 270) (size 1.15 1.4) (layers F.Cu F.Paste F.Mask) (roundrect_rratio 0.217391)
      (net 63 GND))
    (model ${KISYS3DMOD}/Capacitor_SMD.3dshapes/C_0805_2012Metric.wrl
      (at (xyz 0 0 0))
      (scale (xyz 1 1 1))
      (rotate (xyz 0 0 0))
    )
  )

  (module Capacitor_SMD:C_0805_2012Metric_Pad1.15x1.40mm_HandSolder (layer F.Cu) (tedit 5B36C52B) (tstamp 5C7C4311)
    (at 54.6 60 270)
    (descr "Capacitor SMD 0805 (2012 Metric), square (rectangular) end terminal, IPC_7351 nominal with elongated pad for handsoldering. (Body size source: https://docs.google.com/spreadsheets/d/1BsfQQcO9C6DZCsRaXUlFlo91Tg2WpOkGARC1WS5S8t0/edit?usp=sharing), generated with kicad-footprint-generator")
    (tags "capacitor handsolder")
    (path /5C046833/5C706A48)
    (attr smd)
    (fp_text reference C13 (at 0 -1.65 270) (layer F.SilkS)
      (effects (font (size 1 1) (thickness 0.15)))
    )
    (fp_text value 100n (at 0 1.65 270) (layer F.Fab)
      (effects (font (size 1 1) (thickness 0.15)))
    )
    (fp_line (start -1 0.6) (end -1 -0.6) (layer F.Fab) (width 0.1))
    (fp_line (start -1 -0.6) (end 1 -0.6) (layer F.Fab) (width 0.1))
    (fp_line (start 1 -0.6) (end 1 0.6) (layer F.Fab) (width 0.1))
    (fp_line (start 1 0.6) (end -1 0.6) (layer F.Fab) (width 0.1))
    (fp_line (start -0.261252 -0.71) (end 0.261252 -0.71) (layer F.SilkS) (width 0.12))
    (fp_line (start -0.261252 0.71) (end 0.261252 0.71) (layer F.SilkS) (width 0.12))
    (fp_line (start -1.85 0.95) (end -1.85 -0.95) (layer F.CrtYd) (width 0.05))
    (fp_line (start -1.85 -0.95) (end 1.85 -0.95) (layer F.CrtYd) (width 0.05))
    (fp_line (start 1.85 -0.95) (end 1.85 0.95) (layer F.CrtYd) (width 0.05))
    (fp_line (start 1.85 0.95) (end -1.85 0.95) (layer F.CrtYd) (width 0.05))
    (fp_text user %R (at 0 0 270) (layer F.Fab)
      (effects (font (size 0.5 0.5) (thickness 0.08)))
    )
    (pad 1 smd roundrect (at -1.025 0 270) (size 1.15 1.4) (layers F.Cu F.Paste F.Mask) (roundrect_rratio 0.217391)
      (net 63 GND))
    (pad 2 smd roundrect (at 1.025 0 270) (size 1.15 1.4) (layers F.Cu F.Paste F.Mask) (roundrect_rratio 0.217391)
      (net 193 /Grids_Anodes_Power))
    (model ${KISYS3DMOD}/Capacitor_SMD.3dshapes/C_0805_2012Metric.wrl
      (at (xyz 0 0 0))
      (scale (xyz 1 1 1))
      (rotate (xyz 0 0 0))
    )
  )

  (module Package_SO:SOIC-16_3.9x9.9mm_P1.27mm (layer F.Cu) (tedit 5C6D82A0) (tstamp 5C156ECA)
    (at 290.8 60 270)
    (descr "16-Lead Plastic Small Outline (SL) - Narrow, 3.90 mm Body [SOIC] (see Microchip Packaging Specification 00000049BS.pdf)")
    (tags "SOIC 1.27")
    (path /5C046833/5C046DB5)
    (attr smd)
    (fp_text reference U6 (at 0 -6 270) (layer F.SilkS)
      (effects (font (size 1 1) (thickness 0.15)))
    )
    (fp_text value ULN2003 (at 0 6 270) (layer F.Fab)
      (effects (font (size 1 1) (thickness 0.15)))
    )
    (fp_text user %R (at 0 0 270) (layer F.Fab)
      (effects (font (size 0.9 0.9) (thickness 0.135)))
    )
    (fp_line (start -0.95 -4.95) (end 1.95 -4.95) (layer F.Fab) (width 0.15))
    (fp_line (start 1.95 -4.95) (end 1.95 4.95) (layer F.Fab) (width 0.15))
    (fp_line (start 1.95 4.95) (end -1.95 4.95) (layer F.Fab) (width 0.15))
    (fp_line (start -1.95 4.95) (end -1.95 -3.95) (layer F.Fab) (width 0.15))
    (fp_line (start -1.95 -3.95) (end -0.95 -4.95) (layer F.Fab) (width 0.15))
    (fp_line (start -3.7 -5.25) (end -3.7 5.25) (layer F.CrtYd) (width 0.05))
    (fp_line (start 3.7 -5.25) (end 3.7 5.25) (layer F.CrtYd) (width 0.05))
    (fp_line (start -3.7 -5.25) (end 3.7 -5.25) (layer F.CrtYd) (width 0.05))
    (fp_line (start -3.7 5.25) (end 3.7 5.25) (layer F.CrtYd) (width 0.05))
    (fp_line (start -2.075 -5.075) (end -2.075 -5.05) (layer F.SilkS) (width 0.15))
    (fp_line (start 2.075 -5.075) (end 2.075 -4.97) (layer F.SilkS) (width 0.15))
    (fp_line (start 2.075 5.075) (end 2.075 4.97) (layer F.SilkS) (width 0.15))
    (fp_line (start -2.075 5.075) (end -2.075 4.97) (layer F.SilkS) (width 0.15))
    (fp_line (start -2.075 -5.075) (end 2.075 -5.075) (layer F.SilkS) (width 0.15))
    (fp_line (start -2.075 5.075) (end 2.075 5.075) (layer F.SilkS) (width 0.15))
    (fp_line (start -2.075 -5.05) (end -3.45 -5.05) (layer F.SilkS) (width 0.15))
    (pad 1 smd rect (at -2.7 -4.445 270) (size 1.5 0.6) (layers F.Cu F.Paste F.Mask)
      (net 156 /VFD/G4))
    (pad 2 smd rect (at -2.7 -3.175 270) (size 1.5 0.6) (layers F.Cu F.Paste F.Mask)
      (net 159 /VFD/G5))
    (pad 3 smd rect (at -2.7 -1.905 270) (size 1.5 0.6) (layers F.Cu F.Paste F.Mask)
      (net 167 /VFD/G6))
    (pad 4 smd rect (at -2.7 -0.635 270) (size 1.5 0.6) (layers F.Cu F.Paste F.Mask)
      (net 166 /VFD/G7))
    (pad 5 smd rect (at -2.7 0.635 270) (size 1.5 0.6) (layers F.Cu F.Paste F.Mask)
      (net 165 /VFD/G8))
    (pad 6 smd rect (at -2.7 1.905 270) (size 1.5 0.6) (layers F.Cu F.Paste F.Mask)
      (net 164 /VFD/G9))
    (pad 7 smd rect (at -2.7 3.175 270) (size 1.5 0.6) (layers F.Cu F.Paste F.Mask)
      (net 163 /VFD/G10))
    (pad 8 smd rect (at -2.7 4.445 270) (size 1.5 0.6) (layers F.Cu F.Paste F.Mask)
      (net 63 GND))
    (pad 9 smd rect (at 2.7 4.445 270) (size 1.5 0.6) (layers F.Cu F.Paste F.Mask)
      (net 193 /Grids_Anodes_Power))
    (pad 10 smd rect (at 2.7 3.175 270) (size 1.5 0.6) (layers F.Cu F.Paste F.Mask)
      (net 27 "Net-(U1-Pad33)"))
    (pad 11 smd rect (at 2.7 1.905 270) (size 1.5 0.6) (layers F.Cu F.Paste F.Mask)
      (net 26 "Net-(U1-Pad34)"))
    (pad 12 smd rect (at 2.7 0.635 270) (size 1.5 0.6) (layers F.Cu F.Paste F.Mask)
      (net 25 "Net-(U1-Pad35)"))
    (pad 13 smd rect (at 2.7 -0.635 270) (size 1.5 0.6) (layers F.Cu F.Paste F.Mask)
      (net 24 "Net-(U1-Pad36)"))
    (pad 14 smd rect (at 2.7 -1.905 270) (size 1.5 0.6) (layers F.Cu F.Paste F.Mask)
      (net 23 "Net-(U1-Pad37)"))
    (pad 15 smd rect (at 2.7 -3.175 270) (size 1.5 0.6) (layers F.Cu F.Paste F.Mask)
      (net 22 "Net-(U1-Pad38)"))
    (pad 16 smd rect (at 2.7 -4.445 270) (size 1.5 0.6) (layers F.Cu F.Paste F.Mask)
      (net 21 "Net-(U1-Pad39)"))
    (model ${KISYS3DMOD}/Package_SO.3dshapes/SOIC-16_3.9x9.9mm_P1.27mm.wrl
      (at (xyz 0 0 0))
      (scale (xyz 1 1 1))
      (rotate (xyz 0 0 0))
    )
  )

  (module Package_QFP:LQFP-48_7x7mm_P0.5mm (layer F.Cu) (tedit 5A5E2375) (tstamp 5C7CA87A)
    (at 138 -14.2)
    (descr "48 LEAD LQFP 7x7mm (see MICREL LQFP7x7-48LD-PL-1.pdf)")
    (tags "QFP 0.5")
    (path /5C025ADD/5DD8F475)
    (attr smd)
    (fp_text reference U20 (at 0 -6) (layer F.SilkS)
      (effects (font (size 1 1) (thickness 0.15)))
    )
    (fp_text value STM32F302C8Tx (at 0 6) (layer F.Fab)
      (effects (font (size 1 1) (thickness 0.15)))
    )
    (fp_line (start 3.13 3.75) (end 3.75 3.75) (layer F.CrtYd) (width 0.05))
    (fp_line (start 3.75 3.13) (end 3.75 3.75) (layer F.CrtYd) (width 0.05))
    (fp_line (start 3.13 5.25) (end 3.13 3.75) (layer F.CrtYd) (width 0.05))
    (fp_text user %R (at 0 0) (layer F.Fab)
      (effects (font (size 1 1) (thickness 0.15)))
    )
    (fp_line (start -2.5 -3.5) (end 3.5 -3.5) (layer F.Fab) (width 0.1))
    (fp_line (start 3.5 -3.5) (end 3.5 3.5) (layer F.Fab) (width 0.1))
    (fp_line (start 3.5 3.5) (end -3.5 3.5) (layer F.Fab) (width 0.1))
    (fp_line (start -3.5 3.5) (end -3.5 -2.5) (layer F.Fab) (width 0.1))
    (fp_line (start -3.5 -2.5) (end -2.5 -3.5) (layer F.Fab) (width 0.1))
    (fp_line (start -5.25 -3.13) (end -5.25 3.13) (layer F.CrtYd) (width 0.05))
    (fp_line (start 5.25 -3.13) (end 5.25 3.13) (layer F.CrtYd) (width 0.05))
    (fp_line (start -3.13 -5.25) (end 3.13 -5.25) (layer F.CrtYd) (width 0.05))
    (fp_line (start -3.13 5.25) (end 3.13 5.25) (layer F.CrtYd) (width 0.05))
    (fp_line (start 3.56 -3.56) (end 3.56 -3.14) (layer F.SilkS) (width 0.12))
    (fp_line (start 3.56 3.56) (end 3.56 3.14) (layer F.SilkS) (width 0.12))
    (fp_line (start -3.56 3.56) (end -3.56 3.14) (layer F.SilkS) (width 0.12))
    (fp_line (start -3.56 -3.56) (end -3.14 -3.56) (layer F.SilkS) (width 0.12))
    (fp_line (start 3.56 3.56) (end 3.14 3.56) (layer F.SilkS) (width 0.12))
    (fp_line (start 3.56 -3.56) (end 3.14 -3.56) (layer F.SilkS) (width 0.12))
    (fp_line (start -3.56 -3.14) (end -4.94 -3.14) (layer F.SilkS) (width 0.12))
    (fp_line (start -3.56 -3.56) (end -3.56 -3.14) (layer F.SilkS) (width 0.12))
    (fp_line (start -3.56 3.56) (end -3.14 3.56) (layer F.SilkS) (width 0.12))
    (fp_line (start 3.75 3.13) (end 5.25 3.13) (layer F.CrtYd) (width 0.05))
    (fp_line (start 3.75 -3.13) (end 5.25 -3.13) (layer F.CrtYd) (width 0.05))
    (fp_line (start 3.13 -3.75) (end 3.13 -5.25) (layer F.CrtYd) (width 0.05))
    (fp_line (start -3.13 -3.75) (end -3.13 -5.25) (layer F.CrtYd) (width 0.05))
    (fp_line (start -3.75 -3.13) (end -5.25 -3.13) (layer F.CrtYd) (width 0.05))
    (fp_line (start -3.75 3.13) (end -5.25 3.13) (layer F.CrtYd) (width 0.05))
    (fp_line (start -3.13 3.75) (end -3.13 5.25) (layer F.CrtYd) (width 0.05))
    (fp_line (start 3.13 -3.75) (end 3.75 -3.75) (layer F.CrtYd) (width 0.05))
    (fp_line (start 3.75 -3.13) (end 3.75 -3.75) (layer F.CrtYd) (width 0.05))
    (fp_line (start -3.75 3.13) (end -3.75 3.75) (layer F.CrtYd) (width 0.05))
    (fp_line (start -3.13 3.75) (end -3.75 3.75) (layer F.CrtYd) (width 0.05))
    (fp_line (start -3.75 -3.13) (end -3.75 -3.75) (layer F.CrtYd) (width 0.05))
    (fp_line (start -3.13 -3.75) (end -3.75 -3.75) (layer F.CrtYd) (width 0.05))
    (pad 1 smd rect (at -4.35 -2.75) (size 1.3 0.25) (layers F.Cu F.Paste F.Mask)
      (net 72 "Net-(U20-Pad1)"))
    (pad 2 smd rect (at -4.35 -2.25) (size 1.3 0.25) (layers F.Cu F.Paste F.Mask)
      (net 73 "Net-(U20-Pad2)"))
    (pad 3 smd rect (at -4.35 -1.75) (size 1.3 0.25) (layers F.Cu F.Paste F.Mask)
      (net 74 "Net-(U20-Pad3)"))
    (pad 4 smd rect (at -4.35 -1.25) (size 1.3 0.25) (layers F.Cu F.Paste F.Mask)
      (net 75 "Net-(U20-Pad4)"))
    (pad 5 smd rect (at -4.35 -0.75) (size 1.3 0.25) (layers F.Cu F.Paste F.Mask)
      (net 76 "Net-(U20-Pad5)"))
    (pad 6 smd rect (at -4.35 -0.25) (size 1.3 0.25) (layers F.Cu F.Paste F.Mask)
      (net 77 "Net-(U20-Pad6)"))
    (pad 7 smd rect (at -4.35 0.25) (size 1.3 0.25) (layers F.Cu F.Paste F.Mask)
      (net 78 "Net-(U20-Pad7)"))
    (pad 8 smd rect (at -4.35 0.75) (size 1.3 0.25) (layers F.Cu F.Paste F.Mask)
      (net 63 GND))
    (pad 9 smd rect (at -4.35 1.25) (size 1.3 0.25) (layers F.Cu F.Paste F.Mask)
      (net 58 +3V3))
    (pad 10 smd rect (at -4.35 1.75) (size 1.3 0.25) (layers F.Cu F.Paste F.Mask)
      (net 79 "Net-(U20-Pad10)"))
    (pad 11 smd rect (at -4.35 2.25) (size 1.3 0.25) (layers F.Cu F.Paste F.Mask)
      (net 80 "Net-(U20-Pad11)"))
    (pad 12 smd rect (at -4.35 2.75) (size 1.3 0.25) (layers F.Cu F.Paste F.Mask)
      (net 81 "Net-(U20-Pad12)"))
    (pad 13 smd rect (at -2.75 4.35 90) (size 1.3 0.25) (layers F.Cu F.Paste F.Mask)
      (net 82 "Net-(U20-Pad13)"))
    (pad 14 smd rect (at -2.25 4.35 90) (size 1.3 0.25) (layers F.Cu F.Paste F.Mask)
      (net 83 "Net-(U20-Pad14)"))
    (pad 15 smd rect (at -1.75 4.35 90) (size 1.3 0.25) (layers F.Cu F.Paste F.Mask)
      (net 84 "Net-(U20-Pad15)"))
    (pad 16 smd rect (at -1.25 4.35 90) (size 1.3 0.25) (layers F.Cu F.Paste F.Mask)
      (net 85 "Net-(U20-Pad16)"))
    (pad 17 smd rect (at -0.75 4.35 90) (size 1.3 0.25) (layers F.Cu F.Paste F.Mask)
      (net 86 "Net-(U20-Pad17)"))
    (pad 18 smd rect (at -0.25 4.35 90) (size 1.3 0.25) (layers F.Cu F.Paste F.Mask)
      (net 87 "Net-(U20-Pad18)"))
    (pad 19 smd rect (at 0.25 4.35 90) (size 1.3 0.25) (layers F.Cu F.Paste F.Mask)
      (net 88 "Net-(U20-Pad19)"))
    (pad 20 smd rect (at 0.75 4.35 90) (size 1.3 0.25) (layers F.Cu F.Paste F.Mask)
      (net 89 "Net-(U20-Pad20)"))
    (pad 21 smd rect (at 1.25 4.35 90) (size 1.3 0.25) (layers F.Cu F.Paste F.Mask)
      (net 90 "Net-(U20-Pad21)"))
    (pad 22 smd rect (at 1.75 4.35 90) (size 1.3 0.25) (layers F.Cu F.Paste F.Mask)
      (net 91 "Net-(U20-Pad22)"))
    (pad 23 smd rect (at 2.25 4.35 90) (size 1.3 0.25) (layers F.Cu F.Paste F.Mask)
      (net 63 GND))
    (pad 24 smd rect (at 2.75 4.35 90) (size 1.3 0.25) (layers F.Cu F.Paste F.Mask)
      (net 92 "Net-(U20-Pad24)"))
    (pad 25 smd rect (at 4.35 2.75) (size 1.3 0.25) (layers F.Cu F.Paste F.Mask)
      (net 93 "Net-(U20-Pad25)"))
    (pad 26 smd rect (at 4.35 2.25) (size 1.3 0.25) (layers F.Cu F.Paste F.Mask)
      (net 94 "Net-(U20-Pad26)"))
