(kicad_pcb (version 20171130) (host pcbnew 5.0.1)

  (general
    (thickness 1.6)
    (drawings 0)
    (tracks 312)
    (zones 0)
    (modules 32)
    (nets 187)
  )

  (page A4)
  (layers
    (0 F.Cu signal)
    (31 B.Cu signal)
    (32 B.Adhes user)
    (33 F.Adhes user)
    (34 B.Paste user)
    (35 F.Paste user)
    (36 B.SilkS user)
    (37 F.SilkS user)
    (38 B.Mask user)
    (39 F.Mask user)
    (40 Dwgs.User user)
    (41 Cmts.User user)
    (42 Eco1.User user)
    (43 Eco2.User user)
    (44 Edge.Cuts user)
    (45 Margin user)
    (46 B.CrtYd user)
    (47 F.CrtYd user)
    (48 B.Fab user hide)
    (49 F.Fab user hide)
  )

  (setup
    (last_trace_width 0.3)
    (user_trace_width 0.3)
    (user_trace_width 0.5)
    (user_trace_width 1)
    (user_trace_width 1.5)
    (trace_clearance 0.2)
    (zone_clearance 0.508)
    (zone_45_only no)
    (trace_min 0.2)
    (segment_width 0.2)
    (edge_width 0.15)
    (via_size 0.8)
    (via_drill 0.4)
    (via_min_size 0.4)
    (via_min_drill 0.3)
    (uvia_size 0.3)
    (uvia_drill 0.1)
    (uvias_allowed no)
    (uvia_min_size 0.2)
    (uvia_min_drill 0.1)
    (pcb_text_width 0.3)
    (pcb_text_size 1.5 1.5)
    (mod_edge_width 0.15)
    (mod_text_size 1 1)
    (mod_text_width 0.15)
    (pad_size 1.524 1.524)
    (pad_drill 0.762)
    (pad_to_mask_clearance 0.051)
    (solder_mask_min_width 0.25)
    (aux_axis_origin 0 0)
    (visible_elements FFFFFF7F)
    (pcbplotparams
      (layerselection 0x010fc_ffffffff)
      (usegerberextensions false)
      (usegerberattributes false)
      (usegerberadvancedattributes false)
      (creategerberjobfile false)
      (excludeedgelayer true)
      (linewidth 0.100000)
      (plotframeref false)
      (viasonmask false)
      (mode 1)
      (useauxorigin false)
      (hpglpennumber 1)
      (hpglpenspeed 20)
      (hpglpendiameter 15.000000)
      (psnegative false)
      (psa4output false)
      (plotreference true)
      (plotvalue true)
      (plotinvisibletext false)
      (padsonsilk false)
      (subtractmaskfromsilk false)
      (outputformat 1)
      (mirror false)
      (drillshape 1)
      (scaleselection 1)
      (outputdirectory ""))
  )

  (net 0 "")
  (net 1 "Net-(U1-Pad61)")
  (net 2 "Net-(U1-Pad60)")
  (net 3 "Net-(U1-Pad59)")
  (net 4 "Net-(U1-Pad58)")
  (net 5 "Net-(U1-Pad57)")
  (net 6 "Net-(U1-Pad56)")
  (net 7 "Net-(U1-Pad55)")
  (net 8 "Net-(U1-Pad54)")
  (net 9 "Net-(U1-Pad53)")
  (net 10 "Net-(U1-Pad52)")
  (net 11 "Net-(U1-Pad51)")
  (net 12 "Net-(U1-Pad50)")
  (net 13 "Net-(U1-Pad49)")
  (net 14 "Net-(U1-Pad48)")
  (net 15 "Net-(U1-Pad47)")
  (net 16 "Net-(U1-Pad46)")
  (net 17 "Net-(U1-Pad45)")
  (net 18 "Net-(U1-Pad44)")
  (net 19 "Net-(U1-Pad43)")
  (net 20 "Net-(U1-Pad42)")
  (net 21 "Net-(U1-Pad41)")
  (net 22 "Net-(U1-Pad40)")
  (net 23 "Net-(U1-Pad39)")
  (net 24 "Net-(U1-Pad38)")
  (net 25 "Net-(U1-Pad37)")
  (net 26 "Net-(U1-Pad36)")
  (net 27 "Net-(U1-Pad35)")
  (net 28 "Net-(U1-Pad34)")
  (net 29 "Net-(U1-Pad33)")
  (net 30 "Net-(U1-Pad32)")
  (net 31 "Net-(U1-Pad31)")
  (net 32 "Net-(U1-Pad30)")
  (net 33 "Net-(U1-Pad29)")
  (net 34 "Net-(U1-Pad28)")
  (net 35 "Net-(U1-Pad27)")
  (net 36 "Net-(U1-Pad26)")
  (net 37 "Net-(U1-Pad25)")
  (net 38 "Net-(U1-Pad24)")
  (net 39 "Net-(U1-Pad23)")
  (net 40 "Net-(U1-Pad22)")
  (net 41 "Net-(U1-Pad21)")
  (net 42 "Net-(U1-Pad20)")
  (net 43 "Net-(U1-Pad19)")
  (net 44 "Net-(U1-Pad18)")
  (net 45 "Net-(U1-Pad17)")
  (net 46 "Net-(U1-Pad16)")
  (net 47 "Net-(U1-Pad15)")
  (net 48 "Net-(U1-Pad14)")
  (net 49 "Net-(U1-Pad13)")
  (net 50 "Net-(U1-Pad12)")
  (net 51 "Net-(U1-Pad11)")
  (net 52 "Net-(U1-Pad10)")
  (net 53 "Net-(U1-Pad9)")
  (net 54 "Net-(U1-Pad8)")
  (net 55 "Net-(U1-Pad7)")
  (net 56 "Net-(U1-Pad6)")
  (net 57 "Net-(U1-Pad5)")
  (net 58 "Net-(U1-Pad4)")
  (net 59 "Net-(U1-Pad3)")
  (net 60 "Net-(U1-Pad2)")
  (net 61 /VFD/Filament_In_A)
  (net 62 /VFD/Filament_In_B)
  (net 63 "Net-(R2-Pad1)")
  (net 64 GNDPWR)
  (net 65 "Net-(R1-Pad1)")
  (net 66 +3V3)
  (net 67 "Net-(U18-Pad1)")
  (net 68 /Filament_In_A)
  (net 69 /Filament_In_B)
  (net 70 "Net-(U18-Pad9)")
  (net 71 "Net-(U18-Pad10)")
  (net 72 "Net-(C3-Pad2)")
  (net 73 /Filament_PWR)
  (net 74 "Net-(U18-Pad15)")
  (net 75 "Net-(U18-Pad16)")
  (net 76 "Net-(U10-Pad15)")
  (net 77 "Net-(U10-Pad1)")
  (net 78 "Net-(U10-Pad2)")
  (net 79 "Net-(U10-Pad3)")
  (net 80 "Net-(U10-Pad4)")
  (net 81 "Net-(U10-Pad5)")
  (net 82 "Net-(U10-Pad6)")
  (net 83 GND)
  (net 84 /VFD/Power_Grids_Anodes)
  (net 85 "Net-(U13-Pad7)")
  (net 86 "Net-(U13-Pad6)")
  (net 87 "Net-(U13-Pad5)")
  (net 88 "Net-(U13-Pad4)")
  (net 89 "Net-(U13-Pad3)")
  (net 90 "Net-(U13-Pad2)")
  (net 91 "Net-(U11-Pad6)")
  (net 92 "Net-(U11-Pad7)")
  (net 93 "Net-(U12-Pad15)")
  (net 94 "Net-(U12-Pad6)")
  (net 95 "Net-(U12-Pad7)")
  (net 96 "Net-(U13-Pad15)")
  (net 97 "Net-(U13-Pad1)")
  (net 98 "Net-(U11-Pad5)")
  (net 99 "Net-(U11-Pad4)")
  (net 100 "Net-(U11-Pad3)")
  (net 101 "Net-(U11-Pad2)")
  (net 102 "Net-(U11-Pad1)")
  (net 103 "Net-(U11-Pad15)")
  (net 104 "Net-(U10-Pad7)")
  (net 105 "Net-(U13-Pad9)")
  (net 106 VCC)
  (net 107 /VFD/SRCLK)
  (net 108 /VFD/RCLK)
  (net 109 "Net-(U12-Pad9)")
  (net 110 "Net-(U11-Pad9)")
  (net 111 "Net-(U12-Pad5)")
  (net 112 "Net-(U12-Pad4)")
  (net 113 "Net-(U12-Pad3)")
  (net 114 "Net-(U12-Pad2)")
  (net 115 "Net-(U12-Pad1)")
  (net 116 "Net-(U10-Pad9)")
  (net 117 /VFD/SPI_Grids_Anodes_B)
  (net 118 "Net-(U3-Pad6)")
  (net 119 "Net-(U3-Pad7)")
  (net 120 "Net-(U4-Pad15)")
  (net 121 "Net-(U4-Pad1)")
  (net 122 "Net-(U4-Pad7)")
  (net 123 "Net-(U4-Pad6)")
  (net 124 "Net-(U5-Pad7)")
  (net 125 "Net-(U2-Pad15)")
  (net 126 /VFD/SPI_Grids_Anodes_A)
  (net 127 "Net-(U2-Pad9)")
  (net 128 "Net-(U2-Pad7)")
  (net 129 "Net-(U2-Pad6)")
  (net 130 "Net-(U2-Pad5)")
  (net 131 "Net-(U2-Pad4)")
  (net 132 "Net-(U2-Pad3)")
  (net 133 "Net-(U2-Pad2)")
  (net 134 "Net-(U2-Pad1)")
  (net 135 "Net-(U3-Pad1)")
  (net 136 "Net-(U3-Pad2)")
  (net 137 "Net-(U3-Pad3)")
  (net 138 "Net-(U3-Pad4)")
  (net 139 "Net-(U3-Pad5)")
  (net 140 "Net-(U3-Pad9)")
  (net 141 "Net-(U3-Pad15)")
  (net 142 "Net-(U4-Pad9)")
  (net 143 "Net-(U4-Pad5)")
  (net 144 "Net-(U4-Pad4)")
  (net 145 "Net-(U4-Pad3)")
  (net 146 "Net-(U4-Pad2)")
  (net 147 "Net-(U5-Pad1)")
  (net 148 "Net-(U5-Pad2)")
  (net 149 "Net-(U5-Pad3)")
  (net 150 "Net-(U5-Pad4)")
  (net 151 "Net-(U5-Pad5)")
  (net 152 "Net-(U5-Pad6)")
  (net 153 "Net-(U5-Pad15)")
  (net 154 VDD)
  (net 155 "Net-(U19-Pad2)")
  (net 156 "Net-(U19-Pad3)")
  (net 157 "Net-(U19-Pad4)")
  (net 158 "Net-(U19-Pad5)")
  (net 159 "Net-(U19-Pad6)")
  (net 160 "Net-(U19-Pad7)")
  (net 161 "Net-(U19-Pad8)")
  (net 162 "Net-(U19-Pad9)")
  (net 163 "Net-(U19-Pad10)")
  (net 164 "Net-(U19-Pad11)")
  (net 165 "Net-(U19-Pad12)")
  (net 166 "Net-(U19-Pad13)")
  (net 167 "Net-(U19-Pad14)")
  (net 168 "Net-(U19-Pad15)")
  (net 169 "Net-(U19-Pad16)")
  (net 170 "Net-(U19-Pad17)")
  (net 171 "Net-(U19-Pad18)")
  (net 172 "Net-(U19-Pad19)")
  (net 173 "Net-(U19-Pad20)")
  (net 174 "Net-(U19-Pad21)")
  (net 175 "Net-(U19-Pad22)")
  (net 176 "Net-(U19-Pad23)")
  (net 177 "Net-(U19-Pad24)")
  (net 178 "Net-(U19-Pad25)")
  (net 179 "Net-(U19-Pad26)")
  (net 180 "Net-(U19-Pad27)")
  (net 181 "Net-(U19-Pad28)")
  (net 182 "Net-(U19-Pad29)")
  (net 183 "Net-(U19-Pad30)")
  (net 184 "Net-(U19-Pad31)")
  (net 185 "Net-(U19-Pad32)")
  (net 186 "Net-(U17-Pad16)")

  (net_class Default "Ceci est la Netclass par défaut."
    (clearance 0.2)
    (trace_width 0.25)
    (via_dia 0.8)
    (via_drill 0.4)
    (uvia_dia 0.3)
    (uvia_drill 0.1)
    (add_net +3V3)
    (add_net /Filament_In_A)
    (add_net /Filament_In_B)
    (add_net /Filament_PWR)
    (add_net /VFD/Filament_In_A)
    (add_net /VFD/Filament_In_B)
    (add_net /VFD/Power_Grids_Anodes)
    (add_net /VFD/RCLK)
    (add_net /VFD/SPI_Grids_Anodes_A)
    (add_net /VFD/SPI_Grids_Anodes_B)
    (add_net /VFD/SRCLK)
    (add_net GND)
    (add_net GNDPWR)
    (add_net "Net-(C3-Pad2)")
    (add_net "Net-(R1-Pad1)")
    (add_net "Net-(R2-Pad1)")
    (add_net "Net-(U1-Pad10)")
    (add_net "Net-(U1-Pad11)")
    (add_net "Net-(U1-Pad12)")
    (add_net "Net-(U1-Pad13)")
    (add_net "Net-(U1-Pad14)")
    (add_net "Net-(U1-Pad15)")
    (add_net "Net-(U1-Pad16)")
    (add_net "Net-(U1-Pad17)")
    (add_net "Net-(U1-Pad18)")
    (add_net "Net-(U1-Pad19)")
    (add_net "Net-(U1-Pad2)")
    (add_net "Net-(U1-Pad20)")
    (add_net "Net-(U1-Pad21)")
    (add_net "Net-(U1-Pad22)")
    (add_net "Net-(U1-Pad23)")
    (add_net "Net-(U1-Pad24)")
    (add_net "Net-(U1-Pad25)")
    (add_net "Net-(U1-Pad26)")
    (add_net "Net-(U1-Pad27)")
    (add_net "Net-(U1-Pad28)")
    (add_net "Net-(U1-Pad29)")
    (add_net "Net-(U1-Pad3)")
    (add_net "Net-(U1-Pad30)")
    (add_net "Net-(U1-Pad31)")
    (add_net "Net-(U1-Pad32)")
    (add_net "Net-(U1-Pad33)")
    (add_net "Net-(U1-Pad34)")
    (add_net "Net-(U1-Pad35)")
    (add_net "Net-(U1-Pad36)")
    (add_net "Net-(U1-Pad37)")
    (add_net "Net-(U1-Pad38)")
    (add_net "Net-(U1-Pad39)")
    (add_net "Net-(U1-Pad4)")
    (add_net "Net-(U1-Pad40)")
    (add_net "Net-(U1-Pad41)")
    (add_net "Net-(U1-Pad42)")
    (add_net "Net-(U1-Pad43)")
    (add_net "Net-(U1-Pad44)")
    (add_net "Net-(U1-Pad45)")
    (add_net "Net-(U1-Pad46)")
    (add_net "Net-(U1-Pad47)")
    (add_net "Net-(U1-Pad48)")
    (add_net "Net-(U1-Pad49)")
    (add_net "Net-(U1-Pad5)")
    (add_net "Net-(U1-Pad50)")
    (add_net "Net-(U1-Pad51)")
    (add_net "Net-(U1-Pad52)")
    (add_net "Net-(U1-Pad53)")
    (add_net "Net-(U1-Pad54)")
    (add_net "Net-(U1-Pad55)")
    (add_net "Net-(U1-Pad56)")
    (add_net "Net-(U1-Pad57)")
    (add_net "Net-(U1-Pad58)")
    (add_net "Net-(U1-Pad59)")
    (add_net "Net-(U1-Pad6)")
    (add_net "Net-(U1-Pad60)")
    (add_net "Net-(U1-Pad61)")
    (add_net "Net-(U1-Pad7)")
    (add_net "Net-(U1-Pad8)")
    (add_net "Net-(U1-Pad9)")
    (add_net "Net-(U10-Pad1)")
    (add_net "Net-(U10-Pad15)")
    (add_net "Net-(U10-Pad2)")
    (add_net "Net-(U10-Pad3)")
    (add_net "Net-(U10-Pad4)")
    (add_net "Net-(U10-Pad5)")
    (add_net "Net-(U10-Pad6)")
    (add_net "Net-(U10-Pad7)")
    (add_net "Net-(U10-Pad9)")
    (add_net "Net-(U11-Pad1)")
    (add_net "Net-(U11-Pad15)")
    (add_net "Net-(U11-Pad2)")
    (add_net "Net-(U11-Pad3)")
    (add_net "Net-(U11-Pad4)")
    (add_net "Net-(U11-Pad5)")
    (add_net "Net-(U11-Pad6)")
    (add_net "Net-(U11-Pad7)")
    (add_net "Net-(U11-Pad9)")
    (add_net "Net-(U12-Pad1)")
    (add_net "Net-(U12-Pad15)")
    (add_net "Net-(U12-Pad2)")
    (add_net "Net-(U12-Pad3)")
    (add_net "Net-(U12-Pad4)")
    (add_net "Net-(U12-Pad5)")
    (add_net "Net-(U12-Pad6)")
    (add_net "Net-(U12-Pad7)")
    (add_net "Net-(U12-Pad9)")
    (add_net "Net-(U13-Pad1)")
    (add_net "Net-(U13-Pad15)")
    (add_net "Net-(U13-Pad2)")
    (add_net "Net-(U13-Pad3)")
    (add_net "Net-(U13-Pad4)")
    (add_net "Net-(U13-Pad5)")
    (add_net "Net-(U13-Pad6)")
    (add_net "Net-(U13-Pad7)")
    (add_net "Net-(U13-Pad9)")
    (add_net "Net-(U17-Pad16)")
    (add_net "Net-(U18-Pad1)")
    (add_net "Net-(U18-Pad10)")
    (add_net "Net-(U18-Pad15)")
    (add_net "Net-(U18-Pad16)")
    (add_net "Net-(U18-Pad9)")
    (add_net "Net-(U19-Pad10)")
    (add_net "Net-(U19-Pad11)")
    (add_net "Net-(U19-Pad12)")
    (add_net "Net-(U19-Pad13)")
    (add_net "Net-(U19-Pad14)")
    (add_net "Net-(U19-Pad15)")
    (add_net "Net-(U19-Pad16)")
    (add_net "Net-(U19-Pad17)")
    (add_net "Net-(U19-Pad18)")
    (add_net "Net-(U19-Pad19)")
    (add_net "Net-(U19-Pad2)")
    (add_net "Net-(U19-Pad20)")
    (add_net "Net-(U19-Pad21)")
    (add_net "Net-(U19-Pad22)")
    (add_net "Net-(U19-Pad23)")
    (add_net "Net-(U19-Pad24)")
    (add_net "Net-(U19-Pad25)")
    (add_net "Net-(U19-Pad26)")
    (add_net "Net-(U19-Pad27)")
    (add_net "Net-(U19-Pad28)")
    (add_net "Net-(U19-Pad29)")
    (add_net "Net-(U19-Pad3)")
    (add_net "Net-(U19-Pad30)")
    (add_net "Net-(U19-Pad31)")
    (add_net "Net-(U19-Pad32)")
    (add_net "Net-(U19-Pad4)")
    (add_net "Net-(U19-Pad5)")
    (add_net "Net-(U19-Pad6)")
    (add_net "Net-(U19-Pad7)")
    (add_net "Net-(U19-Pad8)")
    (add_net "Net-(U19-Pad9)")
    (add_net "Net-(U2-Pad1)")
    (add_net "Net-(U2-Pad15)")
    (add_net "Net-(U2-Pad2)")
    (add_net "Net-(U2-Pad3)")
    (add_net "Net-(U2-Pad4)")
    (add_net "Net-(U2-Pad5)")
    (add_net "Net-(U2-Pad6)")
    (add_net "Net-(U2-Pad7)")
    (add_net "Net-(U2-Pad9)")
    (add_net "Net-(U3-Pad1)")
    (add_net "Net-(U3-Pad15)")
    (add_net "Net-(U3-Pad2)")
    (add_net "Net-(U3-Pad3)")
    (add_net "Net-(U3-Pad4)")
    (add_net "Net-(U3-Pad5)")
    (add_net "Net-(U3-Pad6)")
    (add_net "Net-(U3-Pad7)")
    (add_net "Net-(U3-Pad9)")
    (add_net "Net-(U4-Pad1)")
    (add_net "Net-(U4-Pad15)")
    (add_net "Net-(U4-Pad2)")
    (add_net "Net-(U4-Pad3)")
    (add_net "Net-(U4-Pad4)")
    (add_net "Net-(U4-Pad5)")
    (add_net "Net-(U4-Pad6)")
    (add_net "Net-(U4-Pad7)")
    (add_net "Net-(U4-Pad9)")
    (add_net "Net-(U5-Pad1)")
    (add_net "Net-(U5-Pad15)")
    (add_net "Net-(U5-Pad2)")
    (add_net "Net-(U5-Pad3)")
    (add_net "Net-(U5-Pad4)")
    (add_net "Net-(U5-Pad5)")
    (add_net "Net-(U5-Pad6)")
    (add_net "Net-(U5-Pad7)")
    (add_net VCC)
    (add_net VDD)
  )

  (module Package_SO:SOIC-16_3.9x9.9mm_P1.27mm (layer F.Cu) (tedit 5A02F2D3) (tstamp 5C157061)
    (at 84 52 90)
    (descr "16-Lead Plastic Small Outline (SL) - Narrow, 3.90 mm Body [SOIC] (see Microchip Packaging Specification 00000049BS.pdf)")
    (tags "SOIC 1.27")
    (path /5C046833/5C5141F2)
    (attr smd)
    (fp_text reference U4 (at -2.8 6 90) (layer F.SilkS)
      (effects (font (size 1 1) (thickness 0.15)))
    )
    (fp_text value 74HC595 (at 0 6 90) (layer F.Fab)
      (effects (font (size 1 1) (thickness 0.15)))
    )
    (fp_line (start -2.075 -5.05) (end -3.45 -5.05) (layer F.SilkS) (width 0.15))
    (fp_line (start -2.075 5.075) (end 2.075 5.075) (layer F.SilkS) (width 0.15))
    (fp_line (start -2.075 -5.075) (end 2.075 -5.075) (layer F.SilkS) (width 0.15))
    (fp_line (start -2.075 5.075) (end -2.075 4.97) (layer F.SilkS) (width 0.15))
    (fp_line (start 2.075 5.075) (end 2.075 4.97) (layer F.SilkS) (width 0.15))
    (fp_line (start 2.075 -5.075) (end 2.075 -4.97) (layer F.SilkS) (width 0.15))
    (fp_line (start -2.075 -5.075) (end -2.075 -5.05) (layer F.SilkS) (width 0.15))
    (fp_line (start -3.7 5.25) (end 3.7 5.25) (layer F.CrtYd) (width 0.05))
    (fp_line (start -3.7 -5.25) (end 3.7 -5.25) (layer F.CrtYd) (width 0.05))
    (fp_line (start 3.7 -5.25) (end 3.7 5.25) (layer F.CrtYd) (width 0.05))
    (fp_line (start -3.7 -5.25) (end -3.7 5.25) (layer F.CrtYd) (width 0.05))
    (fp_line (start -1.95 -3.95) (end -0.95 -4.95) (layer F.Fab) (width 0.15))
    (fp_line (start -1.95 4.95) (end -1.95 -3.95) (layer F.Fab) (width 0.15))
    (fp_line (start 1.95 4.95) (end -1.95 4.95) (layer F.Fab) (width 0.15))
    (fp_line (start 1.95 -4.95) (end 1.95 4.95) (layer F.Fab) (width 0.15))
    (fp_line (start -0.95 -4.95) (end 1.95 -4.95) (layer F.Fab) (width 0.15))
    (fp_text user %R (at 0 0 90) (layer F.Fab)
      (effects (font (size 0.9 0.9) (thickness 0.135)))
    )
    (pad 16 smd rect (at 2.7 -4.445 90) (size 1.5 0.6) (layers F.Cu F.Paste F.Mask)
      (net 106 VCC))
    (pad 15 smd rect (at 2.7 -3.175 90) (size 1.5 0.6) (layers F.Cu F.Paste F.Mask)
      (net 120 "Net-(U4-Pad15)"))
    (pad 14 smd rect (at 2.7 -1.905 90) (size 1.5 0.6) (layers F.Cu F.Paste F.Mask)
      (net 140 "Net-(U3-Pad9)"))
    (pad 13 smd rect (at 2.7 -0.635 90) (size 1.5 0.6) (layers F.Cu F.Paste F.Mask)
      (net 83 GND))
    (pad 12 smd rect (at 2.7 0.635 90) (size 1.5 0.6) (layers F.Cu F.Paste F.Mask)
      (net 108 /VFD/RCLK))
    (pad 11 smd rect (at 2.7 1.905 90) (size 1.5 0.6) (layers F.Cu F.Paste F.Mask)
      (net 107 /VFD/SRCLK))
    (pad 10 smd rect (at 2.7 3.175 90) (size 1.5 0.6) (layers F.Cu F.Paste F.Mask)
      (net 106 VCC))
    (pad 9 smd rect (at 2.7 4.445 90) (size 1.5 0.6) (layers F.Cu F.Paste F.Mask)
      (net 142 "Net-(U4-Pad9)"))
    (pad 8 smd rect (at -2.7 4.445 90) (size 1.5 0.6) (layers F.Cu F.Paste F.Mask)
      (net 83 GND))
    (pad 7 smd rect (at -2.7 3.175 90) (size 1.5 0.6) (layers F.Cu F.Paste F.Mask)
      (net 122 "Net-(U4-Pad7)"))
    (pad 6 smd rect (at -2.7 1.905 90) (size 1.5 0.6) (layers F.Cu F.Paste F.Mask)
      (net 123 "Net-(U4-Pad6)"))
    (pad 5 smd rect (at -2.7 0.635 90) (size 1.5 0.6) (layers F.Cu F.Paste F.Mask)
      (net 143 "Net-(U4-Pad5)"))
    (pad 4 smd rect (at -2.7 -0.635 90) (size 1.5 0.6) (layers F.Cu F.Paste F.Mask)
      (net 144 "Net-(U4-Pad4)"))
    (pad 3 smd rect (at -2.7 -1.905 90) (size 1.5 0.6) (layers F.Cu F.Paste F.Mask)
      (net 145 "Net-(U4-Pad3)"))
    (pad 2 smd rect (at -2.7 -3.175 90) (size 1.5 0.6) (layers F.Cu F.Paste F.Mask)
      (net 146 "Net-(U4-Pad2)"))
    (pad 1 smd rect (at -2.7 -4.445 90) (size 1.5 0.6) (layers F.Cu F.Paste F.Mask)
      (net 121 "Net-(U4-Pad1)"))
    (model ${KISYS3DMOD}/Package_SO.3dshapes/SOIC-16_3.9x9.9mm_P1.27mm.wrl
      (at (xyz 0 0 0))
      (scale (xyz 1 1 1))
      (rotate (xyz 0 0 0))
    )
  )

  (module Capacitor_SMD:C_0805_2012Metric_Pad1.15x1.40mm_HandSolder (layer F.Cu) (tedit 5B36C52B) (tstamp 5C1571E7)
    (at 321.375 50.2 270)
    (descr "Capacitor SMD 0805 (2012 Metric), square (rectangular) end terminal, IPC_7351 nominal with elongated pad for handsoldering. (Body size source: https://docs.google.com/spreadsheets/d/1BsfQQcO9C6DZCsRaXUlFlo91Tg2WpOkGARC1WS5S8t0/edit?usp=sharing), generated with kicad-footprint-generator")
    (tags "capacitor handsolder")
    (path /5C046833/5D5472C7)
    (attr smd)
    (fp_text reference C10 (at 2.625 0) (layer F.SilkS)
      (effects (font (size 1 1) (thickness 0.15)))
    )
    (fp_text value 100n (at 0 1.65 270) (layer F.Fab)
      (effects (font (size 1 1) (thickness 0.15)))
    )
    (fp_text user %R (at 0 0 270) (layer F.Fab)
      (effects (font (size 0.5 0.5) (thickness 0.08)))
    )
    (fp_line (start 1.85 0.95) (end -1.85 0.95) (layer F.CrtYd) (width 0.05))
    (fp_line (start 1.85 -0.95) (end 1.85 0.95) (layer F.CrtYd) (width 0.05))
    (fp_line (start -1.85 -0.95) (end 1.85 -0.95) (layer F.CrtYd) (width 0.05))
    (fp_line (start -1.85 0.95) (end -1.85 -0.95) (layer F.CrtYd) (width 0.05))
    (fp_line (start -0.261252 0.71) (end 0.261252 0.71) (layer F.SilkS) (width 0.12))
    (fp_line (start -0.261252 -0.71) (end 0.261252 -0.71) (layer F.SilkS) (width 0.12))
    (fp_line (start 1 0.6) (end -1 0.6) (layer F.Fab) (width 0.1))
    (fp_line (start 1 -0.6) (end 1 0.6) (layer F.Fab) (width 0.1))
    (fp_line (start -1 -0.6) (end 1 -0.6) (layer F.Fab) (width 0.1))
    (fp_line (start -1 0.6) (end -1 -0.6) (layer F.Fab) (width 0.1))
    (pad 2 smd roundrect (at 1.025 0 270) (size 1.15 1.4) (layers F.Cu F.Paste F.Mask) (roundrect_rratio 0.217391)
      (net 83 GND))
    (pad 1 smd roundrect (at -1.025 0 270) (size 1.15 1.4) (layers F.Cu F.Paste F.Mask) (roundrect_rratio 0.217391)
      (net 106 VCC))
    (model ${KISYS3DMOD}/Capacitor_SMD.3dshapes/C_0805_2012Metric.wrl
      (at (xyz 0 0 0))
      (scale (xyz 1 1 1))
      (rotate (xyz 0 0 0))
    )
  )

  (module Capacitor_SMD:C_0805_2012Metric_Pad1.15x1.40mm_HandSolder (layer F.Cu) (tedit 5B36C52B) (tstamp 5C1571D6)
    (at 303.4 50.2 270)
    (descr "Capacitor SMD 0805 (2012 Metric), square (rectangular) end terminal, IPC_7351 nominal with elongated pad for handsoldering. (Body size source: https://docs.google.com/spreadsheets/d/1BsfQQcO9C6DZCsRaXUlFlo91Tg2WpOkGARC1WS5S8t0/edit?usp=sharing), generated with kicad-footprint-generator")
    (tags "capacitor handsolder")
    (path /5C046833/5D51D650)
    (attr smd)
    (fp_text reference C9 (at 2.6 0) (layer F.SilkS)
      (effects (font (size 1 1) (thickness 0.15)))
    )
    (fp_text value 100n (at 0 1.65 270) (layer F.Fab)
      (effects (font (size 1 1) (thickness 0.15)))
    )
    (fp_line (start -1 0.6) (end -1 -0.6) (layer F.Fab) (width 0.1))
    (fp_line (start -1 -0.6) (end 1 -0.6) (layer F.Fab) (width 0.1))
    (fp_line (start 1 -0.6) (end 1 0.6) (layer F.Fab) (width 0.1))
    (fp_line (start 1 0.6) (end -1 0.6) (layer F.Fab) (width 0.1))
    (fp_line (start -0.261252 -0.71) (end 0.261252 -0.71) (layer F.SilkS) (width 0.12))
    (fp_line (start -0.261252 0.71) (end 0.261252 0.71) (layer F.SilkS) (width 0.12))
    (fp_line (start -1.85 0.95) (end -1.85 -0.95) (layer F.CrtYd) (width 0.05))
    (fp_line (start -1.85 -0.95) (end 1.85 -0.95) (layer F.CrtYd) (width 0.05))
    (fp_line (start 1.85 -0.95) (end 1.85 0.95) (layer F.CrtYd) (width 0.05))
    (fp_line (start 1.85 0.95) (end -1.85 0.95) (layer F.CrtYd) (width 0.05))
    (fp_text user %R (at 0 0 270) (layer F.Fab)
      (effects (font (size 0.5 0.5) (thickness 0.08)))
    )
    (pad 1 smd roundrect (at -1.025 0 270) (size 1.15 1.4) (layers F.Cu F.Paste F.Mask) (roundrect_rratio 0.217391)
      (net 106 VCC))
    (pad 2 smd roundrect (at 1.025 0 270) (size 1.15 1.4) (layers F.Cu F.Paste F.Mask) (roundrect_rratio 0.217391)
      (net 83 GND))
    (model ${KISYS3DMOD}/Capacitor_SMD.3dshapes/C_0805_2012Metric.wrl
      (at (xyz 0 0 0))
      (scale (xyz 1 1 1))
      (rotate (xyz 0 0 0))
    )
  )

  (module Capacitor_SMD:C_0805_2012Metric_Pad1.15x1.40mm_HandSolder (layer F.Cu) (tedit 5B36C52B) (tstamp 5C1571C5)
    (at 283.2 50.2 270)
    (descr "Capacitor SMD 0805 (2012 Metric), square (rectangular) end terminal, IPC_7351 nominal with elongated pad for handsoldering. (Body size source: https://docs.google.com/spreadsheets/d/1BsfQQcO9C6DZCsRaXUlFlo91Tg2WpOkGARC1WS5S8t0/edit?usp=sharing), generated with kicad-footprint-generator")
    (tags "capacitor handsolder")
    (path /5C046833/5D4F3983)
    (attr smd)
    (fp_text reference C8 (at 2.6 0) (layer F.SilkS)
      (effects (font (size 1 1) (thickness 0.15)))
    )
    (fp_text value 100n (at 0 1.65 270) (layer F.Fab)
      (effects (font (size 1 1) (thickness 0.15)))
    )
    (fp_text user %R (at 0 0 270) (layer F.Fab)
      (effects (font (size 0.5 0.5) (thickness 0.08)))
    )
    (fp_line (start 1.85 0.95) (end -1.85 0.95) (layer F.CrtYd) (width 0.05))
    (fp_line (start 1.85 -0.95) (end 1.85 0.95) (layer F.CrtYd) (width 0.05))
    (fp_line (start -1.85 -0.95) (end 1.85 -0.95) (layer F.CrtYd) (width 0.05))
    (fp_line (start -1.85 0.95) (end -1.85 -0.95) (layer F.CrtYd) (width 0.05))
    (fp_line (start -0.261252 0.71) (end 0.261252 0.71) (layer F.SilkS) (width 0.12))
    (fp_line (start -0.261252 -0.71) (end 0.261252 -0.71) (layer F.SilkS) (width 0.12))
    (fp_line (start 1 0.6) (end -1 0.6) (layer F.Fab) (width 0.1))
    (fp_line (start 1 -0.6) (end 1 0.6) (layer F.Fab) (width 0.1))
    (fp_line (start -1 -0.6) (end 1 -0.6) (layer F.Fab) (width 0.1))
    (fp_line (start -1 0.6) (end -1 -0.6) (layer F.Fab) (width 0.1))
    (pad 2 smd roundrect (at 1.025 0 270) (size 1.15 1.4) (layers F.Cu F.Paste F.Mask) (roundrect_rratio 0.217391)
      (net 83 GND))
    (pad 1 smd roundrect (at -1.025 0 270) (size 1.15 1.4) (layers F.Cu F.Paste F.Mask) (roundrect_rratio 0.217391)
      (net 106 VCC))
    (model ${KISYS3DMOD}/Capacitor_SMD.3dshapes/C_0805_2012Metric.wrl
      (at (xyz 0 0 0))
      (scale (xyz 1 1 1))
      (rotate (xyz 0 0 0))
    )
  )

  (module Capacitor_SMD:C_0805_2012Metric_Pad1.15x1.40mm_HandSolder (layer F.Cu) (tedit 5B36C52B) (tstamp 5C1571B4)
    (at 97.8 50.2 270)
    (descr "Capacitor SMD 0805 (2012 Metric), square (rectangular) end terminal, IPC_7351 nominal with elongated pad for handsoldering. (Body size source: https://docs.google.com/spreadsheets/d/1BsfQQcO9C6DZCsRaXUlFlo91Tg2WpOkGARC1WS5S8t0/edit?usp=sharing), generated with kicad-footprint-generator")
    (tags "capacitor handsolder")
    (path /5C046833/5D4C9C1E)
    (attr smd)
    (fp_text reference C7 (at 2.6 0) (layer F.SilkS)
      (effects (font (size 1 1) (thickness 0.15)))
    )
    (fp_text value 100n (at 0 1.65 270) (layer F.Fab)
      (effects (font (size 1 1) (thickness 0.15)))
    )
    (fp_line (start -1 0.6) (end -1 -0.6) (layer F.Fab) (width 0.1))
    (fp_line (start -1 -0.6) (end 1 -0.6) (layer F.Fab) (width 0.1))
    (fp_line (start 1 -0.6) (end 1 0.6) (layer F.Fab) (width 0.1))
    (fp_line (start 1 0.6) (end -1 0.6) (layer F.Fab) (width 0.1))
    (fp_line (start -0.261252 -0.71) (end 0.261252 -0.71) (layer F.SilkS) (width 0.12))
    (fp_line (start -0.261252 0.71) (end 0.261252 0.71) (layer F.SilkS) (width 0.12))
    (fp_line (start -1.85 0.95) (end -1.85 -0.95) (layer F.CrtYd) (width 0.05))
    (fp_line (start -1.85 -0.95) (end 1.85 -0.95) (layer F.CrtYd) (width 0.05))
    (fp_line (start 1.85 -0.95) (end 1.85 0.95) (layer F.CrtYd) (width 0.05))
    (fp_line (start 1.85 0.95) (end -1.85 0.95) (layer F.CrtYd) (width 0.05))
    (fp_text user %R (at 0 0 270) (layer F.Fab)
      (effects (font (size 0.5 0.5) (thickness 0.08)))
    )
    (pad 1 smd roundrect (at -1.025 0 270) (size 1.15 1.4) (layers F.Cu F.Paste F.Mask) (roundrect_rratio 0.217391)
      (net 106 VCC))
    (pad 2 smd roundrect (at 1.025 0 270) (size 1.15 1.4) (layers F.Cu F.Paste F.Mask) (roundrect_rratio 0.217391)
      (net 83 GND))
    (model ${KISYS3DMOD}/Capacitor_SMD.3dshapes/C_0805_2012Metric.wrl
      (at (xyz 0 0 0))
      (scale (xyz 1 1 1))
      (rotate (xyz 0 0 0))
    )
  )

  (module Capacitor_SMD:C_0805_2012Metric_Pad1.15x1.40mm_HandSolder (layer F.Cu) (tedit 5B36C52B) (tstamp 5C1571A3)
    (at 77.6 50.2 270)
    (descr "Capacitor SMD 0805 (2012 Metric), square (rectangular) end terminal, IPC_7351 nominal with elongated pad for handsoldering. (Body size source: https://docs.google.com/spreadsheets/d/1BsfQQcO9C6DZCsRaXUlFlo91Tg2WpOkGARC1WS5S8t0/edit?usp=sharing), generated with kicad-footprint-generator")
    (tags "capacitor handsolder")
    (path /5C046833/5D476541)
    (attr smd)
    (fp_text reference C6 (at 2.6 0) (layer F.SilkS)
      (effects (font (size 1 1) (thickness 0.15)))
    )
    (fp_text value 100n (at 0 1.65 270) (layer F.Fab)
      (effects (font (size 1 1) (thickness 0.15)))
    )
    (fp_text user %R (at 0 0 270) (layer F.Fab)
      (effects (font (size 0.5 0.5) (thickness 0.08)))
    )
    (fp_line (start 1.85 0.95) (end -1.85 0.95) (layer F.CrtYd) (width 0.05))
    (fp_line (start 1.85 -0.95) (end 1.85 0.95) (layer F.CrtYd) (width 0.05))
    (fp_line (start -1.85 -0.95) (end 1.85 -0.95) (layer F.CrtYd) (width 0.05))
    (fp_line (start -1.85 0.95) (end -1.85 -0.95) (layer F.CrtYd) (width 0.05))
    (fp_line (start -0.261252 0.71) (end 0.261252 0.71) (layer F.SilkS) (width 0.12))
    (fp_line (start -0.261252 -0.71) (end 0.261252 -0.71) (layer F.SilkS) (width 0.12))
    (fp_line (start 1 0.6) (end -1 0.6) (layer F.Fab) (width 0.1))
    (fp_line (start 1 -0.6) (end 1 0.6) (layer F.Fab) (width 0.1))
    (fp_line (start -1 -0.6) (end 1 -0.6) (layer F.Fab) (width 0.1))
    (fp_line (start -1 0.6) (end -1 -0.6) (layer F.Fab) (width 0.1))
    (pad 2 smd roundrect (at 1.025 0 270) (size 1.15 1.4) (layers F.Cu F.Paste F.Mask) (roundrect_rratio 0.217391)
      (net 83 GND))
    (pad 1 smd roundrect (at -1.025 0 270) (size 1.15 1.4) (layers F.Cu F.Paste F.Mask) (roundrect_rratio 0.217391)
      (net 106 VCC))
    (model ${KISYS3DMOD}/Capacitor_SMD.3dshapes/C_0805_2012Metric.wrl
      (at (xyz 0 0 0))
      (scale (xyz 1 1 1))
      (rotate (xyz 0 0 0))
    )
  )

  (module Capacitor_SMD:C_0805_2012Metric_Pad1.15x1.40mm_HandSolder (layer F.Cu) (tedit 5B36C52B) (tstamp 5C157192)
    (at 59.8 50.2 270)
    (descr "Capacitor SMD 0805 (2012 Metric), square (rectangular) end terminal, IPC_7351 nominal with elongated pad for handsoldering. (Body size source: https://docs.google.com/spreadsheets/d/1BsfQQcO9C6DZCsRaXUlFlo91Tg2WpOkGARC1WS5S8t0/edit?usp=sharing), generated with kicad-footprint-generator")
    (tags "capacitor handsolder")
    (path /5C046833/5D44C824)
    (attr smd)
    (fp_text reference C5 (at 2.6 0) (layer F.SilkS)
      (effects (font (size 1 1) (thickness 0.15)))
    )
    (fp_text value 100n (at 0 1.65 270) (layer F.Fab)
      (effects (font (size 1 1) (thickness 0.15)))
    )
    (fp_line (start -1 0.6) (end -1 -0.6) (layer F.Fab) (width 0.1))
    (fp_line (start -1 -0.6) (end 1 -0.6) (layer F.Fab) (width 0.1))
    (fp_line (start 1 -0.6) (end 1 0.6) (layer F.Fab) (width 0.1))
    (fp_line (start 1 0.6) (end -1 0.6) (layer F.Fab) (width 0.1))
    (fp_line (start -0.261252 -0.71) (end 0.261252 -0.71) (layer F.SilkS) (width 0.12))
    (fp_line (start -0.261252 0.71) (end 0.261252 0.71) (layer F.SilkS) (width 0.12))
    (fp_line (start -1.85 0.95) (end -1.85 -0.95) (layer F.CrtYd) (width 0.05))
    (fp_line (start -1.85 -0.95) (end 1.85 -0.95) (layer F.CrtYd) (width 0.05))
    (fp_line (start 1.85 -0.95) (end 1.85 0.95) (layer F.CrtYd) (width 0.05))
    (fp_line (start 1.85 0.95) (end -1.85 0.95) (layer F.CrtYd) (width 0.05))
    (fp_text user %R (at 0 0 270) (layer F.Fab)
      (effects (font (size 0.5 0.5) (thickness 0.08)))
    )
    (pad 1 smd roundrect (at -1.025 0 270) (size 1.15 1.4) (layers F.Cu F.Paste F.Mask) (roundrect_rratio 0.217391)
      (net 106 VCC))
    (pad 2 smd roundrect (at 1.025 0 270) (size 1.15 1.4) (layers F.Cu F.Paste F.Mask) (roundrect_rratio 0.217391)
      (net 83 GND))
    (model ${KISYS3DMOD}/Capacitor_SMD.3dshapes/C_0805_2012Metric.wrl
      (at (xyz 0 0 0))
      (scale (xyz 1 1 1))
      (rotate (xyz 0 0 0))
    )
  )

  (module Capacitor_SMD:C_0805_2012Metric_Pad1.15x1.40mm_HandSolder (layer F.Cu) (tedit 5B36C52B) (tstamp 5C157181)
    (at 42 50.2 270)
    (descr "Capacitor SMD 0805 (2012 Metric), square (rectangular) end terminal, IPC_7351 nominal with elongated pad for handsoldering. (Body size source: https://docs.google.com/spreadsheets/d/1BsfQQcO9C6DZCsRaXUlFlo91Tg2WpOkGARC1WS5S8t0/edit?usp=sharing), generated with kicad-footprint-generator")
    (tags "capacitor handsolder")
    (path /5C046833/5D2A9A86)
    (attr smd)
    (fp_text reference C4 (at 2.6 0) (layer F.SilkS)
      (effects (font (size 1 1) (thickness 0.15)))
    )
    (fp_text value 100n (at 0 1.65 270) (layer F.Fab)
      (effects (font (size 1 1) (thickness 0.15)))
    )
    (fp_text user %R (at 0 0 270) (layer F.Fab)
      (effects (font (size 0.5 0.5) (thickness 0.08)))
    )
    (fp_line (start 1.85 0.95) (end -1.85 0.95) (layer F.CrtYd) (width 0.05))
    (fp_line (start 1.85 -0.95) (end 1.85 0.95) (layer F.CrtYd) (width 0.05))
    (fp_line (start -1.85 -0.95) (end 1.85 -0.95) (layer F.CrtYd) (width 0.05))
    (fp_line (start -1.85 0.95) (end -1.85 -0.95) (layer F.CrtYd) (width 0.05))
    (fp_line (start -0.261252 0.71) (end 0.261252 0.71) (layer F.SilkS) (width 0.12))
    (fp_line (start -0.261252 -0.71) (end 0.261252 -0.71) (layer F.SilkS) (width 0.12))
    (fp_line (start 1 0.6) (end -1 0.6) (layer F.Fab) (width 0.1))
    (fp_line (start 1 -0.6) (end 1 0.6) (layer F.Fab) (width 0.1))
    (fp_line (start -1 -0.6) (end 1 -0.6) (layer F.Fab) (width 0.1))
    (fp_line (start -1 0.6) (end -1 -0.6) (layer F.Fab) (width 0.1))
    (pad 2 smd roundrect (at 1.025 0 270) (size 1.15 1.4) (layers F.Cu F.Paste F.Mask) (roundrect_rratio 0.217391)
      (net 83 GND))
    (pad 1 smd roundrect (at -1.025 0 270) (size 1.15 1.4) (layers F.Cu F.Paste F.Mask) (roundrect_rratio 0.217391)
      (net 106 VCC))
    (model ${KISYS3DMOD}/Capacitor_SMD.3dshapes/C_0805_2012Metric.wrl
      (at (xyz 0 0 0))
      (scale (xyz 1 1 1))
      (rotate (xyz 0 0 0))
    )
  )

  (module Capacitor_SMD:C_0805_2012Metric_Pad1.15x1.40mm_HandSolder (layer F.Cu) (tedit 5B36C52B) (tstamp 5C157170)
    (at 189.4 37 90)
    (descr "Capacitor SMD 0805 (2012 Metric), square (rectangular) end terminal, IPC_7351 nominal with elongated pad for handsoldering. (Body size source: https://docs.google.com/spreadsheets/d/1BsfQQcO9C6DZCsRaXUlFlo91Tg2WpOkGARC1WS5S8t0/edit?usp=sharing), generated with kicad-footprint-generator")
    (tags "capacitor handsolder")
    (path /5BF83A17)
    (attr smd)
    (fp_text reference C3 (at 0 -1.65 90) (layer F.SilkS)
      (effects (font (size 1 1) (thickness 0.15)))
    )
    (fp_text value 2.2u (at 0 1.65 90) (layer F.Fab)
      (effects (font (size 1 1) (thickness 0.15)))
    )
    (fp_line (start -1 0.6) (end -1 -0.6) (layer F.Fab) (width 0.1))
    (fp_line (start -1 -0.6) (end 1 -0.6) (layer F.Fab) (width 0.1))
    (fp_line (start 1 -0.6) (end 1 0.6) (layer F.Fab) (width 0.1))
    (fp_line (start 1 0.6) (end -1 0.6) (layer F.Fab) (width 0.1))
    (fp_line (start -0.261252 -0.71) (end 0.261252 -0.71) (layer F.SilkS) (width 0.12))
    (fp_line (start -0.261252 0.71) (end 0.261252 0.71) (layer F.SilkS) (width 0.12))
    (fp_line (start -1.85 0.95) (end -1.85 -0.95) (layer F.CrtYd) (width 0.05))
    (fp_line (start -1.85 -0.95) (end 1.85 -0.95) (layer F.CrtYd) (width 0.05))
    (fp_line (start 1.85 -0.95) (end 1.85 0.95) (layer F.CrtYd) (width 0.05))
    (fp_line (start 1.85 0.95) (end -1.85 0.95) (layer F.CrtYd) (width 0.05))
    (fp_text user %R (at 0 0 90) (layer F.Fab)
      (effects (font (size 0.5 0.5) (thickness 0.08)))
    )
    (pad 1 smd roundrect (at -1.025 0 90) (size 1.15 1.4) (layers F.Cu F.Paste F.Mask) (roundrect_rratio 0.217391)
      (net 64 GNDPWR))
    (pad 2 smd roundrect (at 1.025 0 90) (size 1.15 1.4) (layers F.Cu F.Paste F.Mask) (roundrect_rratio 0.217391)
      (net 72 "Net-(C3-Pad2)"))
    (model ${KISYS3DMOD}/Capacitor_SMD.3dshapes/C_0805_2012Metric.wrl
      (at (xyz 0 0 0))
      (scale (xyz 1 1 1))
      (rotate (xyz 0 0 0))
    )
  )

  (module Capacitor_SMD:C_0805_2012Metric_Pad1.15x1.40mm_HandSolder (layer F.Cu) (tedit 5B36C52B) (tstamp 5C15715F)
    (at 190.6 40.8 270)
    (descr "Capacitor SMD 0805 (2012 Metric), square (rectangular) end terminal, IPC_7351 nominal with elongated pad for handsoldering. (Body size source: https://docs.google.com/spreadsheets/d/1BsfQQcO9C6DZCsRaXUlFlo91Tg2WpOkGARC1WS5S8t0/edit?usp=sharing), generated with kicad-footprint-generator")
    (tags "capacitor handsolder")
    (path /5BF83BB3)
    (attr smd)
    (fp_text reference C2 (at 0 -1.65 270) (layer F.SilkS)
      (effects (font (size 1 1) (thickness 0.15)))
    )
    (fp_text value 100n (at 0 1.65 270) (layer F.Fab)
      (effects (font (size 1 1) (thickness 0.15)))
    )
    (fp_text user %R (at 0 0 270) (layer F.Fab)
      (effects (font (size 0.5 0.5) (thickness 0.08)))
    )
    (fp_line (start 1.85 0.95) (end -1.85 0.95) (layer F.CrtYd) (width 0.05))
    (fp_line (start 1.85 -0.95) (end 1.85 0.95) (layer F.CrtYd) (width 0.05))
    (fp_line (start -1.85 -0.95) (end 1.85 -0.95) (layer F.CrtYd) (width 0.05))
    (fp_line (start -1.85 0.95) (end -1.85 -0.95) (layer F.CrtYd) (width 0.05))
    (fp_line (start -0.261252 0.71) (end 0.261252 0.71) (layer F.SilkS) (width 0.12))
    (fp_line (start -0.261252 -0.71) (end 0.261252 -0.71) (layer F.SilkS) (width 0.12))
    (fp_line (start 1 0.6) (end -1 0.6) (layer F.Fab) (width 0.1))
    (fp_line (start 1 -0.6) (end 1 0.6) (layer F.Fab) (width 0.1))
    (fp_line (start -1 -0.6) (end 1 -0.6) (layer F.Fab) (width 0.1))
    (fp_line (start -1 0.6) (end -1 -0.6) (layer F.Fab) (width 0.1))
    (pad 2 smd roundrect (at 1.025 0 270) (size 1.15 1.4) (layers F.Cu F.Paste F.Mask) (roundrect_rratio 0.217391)
      (net 73 /Filament_PWR))
    (pad 1 smd roundrect (at -1.025 0 270) (size 1.15 1.4) (layers F.Cu F.Paste F.Mask) (roundrect_rratio 0.217391)
      (net 64 GNDPWR))
    (model ${KISYS3DMOD}/Capacitor_SMD.3dshapes/C_0805_2012Metric.wrl
      (at (xyz 0 0 0))
      (scale (xyz 1 1 1))
      (rotate (xyz 0 0 0))
    )
  )

  (module Capacitor_SMD:C_0805_2012Metric_Pad1.15x1.40mm_HandSolder (layer F.Cu) (tedit 5B36C52B) (tstamp 5C15714E)
    (at 339.2 50.2 270)
    (descr "Capacitor SMD 0805 (2012 Metric), square (rectangular) end terminal, IPC_7351 nominal with elongated pad for handsoldering. (Body size source: https://docs.google.com/spreadsheets/d/1BsfQQcO9C6DZCsRaXUlFlo91Tg2WpOkGARC1WS5S8t0/edit?usp=sharing), generated with kicad-footprint-generator")
    (tags "capacitor handsolder")
    (path /5C046833/5D57105A)
    (attr smd)
    (fp_text reference C11 (at 2.625 0) (layer F.SilkS)
      (effects (font (size 1 1) (thickness 0.15)))
    )
    (fp_text value 100n (at 0 1.65 270) (layer F.Fab)
      (effects (font (size 1 1) (thickness 0.15)))
    )
    (fp_line (start -1 0.6) (end -1 -0.6) (layer F.Fab) (width 0.1))
    (fp_line (start -1 -0.6) (end 1 -0.6) (layer F.Fab) (width 0.1))
    (fp_line (start 1 -0.6) (end 1 0.6) (layer F.Fab) (width 0.1))
    (fp_line (start 1 0.6) (end -1 0.6) (layer F.Fab) (width 0.1))
    (fp_line (start -0.261252 -0.71) (end 0.261252 -0.71) (layer F.SilkS) (width 0.12))
    (fp_line (start -0.261252 0.71) (end 0.261252 0.71) (layer F.SilkS) (width 0.12))
    (fp_line (start -1.85 0.95) (end -1.85 -0.95) (layer F.CrtYd) (width 0.05))
    (fp_line (start -1.85 -0.95) (end 1.85 -0.95) (layer F.CrtYd) (width 0.05))
    (fp_line (start 1.85 -0.95) (end 1.85 0.95) (layer F.CrtYd) (width 0.05))
    (fp_line (start 1.85 0.95) (end -1.85 0.95) (layer F.CrtYd) (width 0.05))
    (fp_text user %R (at 0 0 270) (layer F.Fab)
      (effects (font (size 0.5 0.5) (thickness 0.08)))
    )
    (pad 1 smd roundrect (at -1.025 0 270) (size 1.15 1.4) (layers F.Cu F.Paste F.Mask) (roundrect_rratio 0.217391)
      (net 106 VCC))
    (pad 2 smd roundrect (at 1.025 0 270) (size 1.15 1.4) (layers F.Cu F.Paste F.Mask) (roundrect_rratio 0.217391)
      (net 83 GND))
    (model ${KISYS3DMOD}/Capacitor_SMD.3dshapes/C_0805_2012Metric.wrl
      (at (xyz 0 0 0))
      (scale (xyz 1 1 1))
      (rotate (xyz 0 0 0))
    )
  )

  (module Capacitor_SMD:C_1206_3216Metric_Pad1.42x1.75mm_HandSolder (layer F.Cu) (tedit 5B301BBE) (tstamp 5C15713D)
    (at 194 41.4 270)
    (descr "Capacitor SMD 1206 (3216 Metric), square (rectangular) end terminal, IPC_7351 nominal with elongated pad for handsoldering. (Body size source: http://www.tortai-tech.com/upload/download/2011102023233369053.pdf), generated with kicad-footprint-generator")
    (tags "capacitor handsolder")
    (path /5BF83C24)
    (attr smd)
    (fp_text reference C1 (at 0 -1.82 270) (layer F.SilkS)
      (effects (font (size 1 1) (thickness 0.15)))
    )
    (fp_text value 10u (at 0 1.82 270) (layer F.Fab)
      (effects (font (size 1 1) (thickness 0.15)))
    )
    (fp_line (start -1.6 0.8) (end -1.6 -0.8) (layer F.Fab) (width 0.1))
    (fp_line (start -1.6 -0.8) (end 1.6 -0.8) (layer F.Fab) (width 0.1))
    (fp_line (start 1.6 -0.8) (end 1.6 0.8) (layer F.Fab) (width 0.1))
    (fp_line (start 1.6 0.8) (end -1.6 0.8) (layer F.Fab) (width 0.1))
    (fp_line (start -0.602064 -0.91) (end 0.602064 -0.91) (layer F.SilkS) (width 0.12))
    (fp_line (start -0.602064 0.91) (end 0.602064 0.91) (layer F.SilkS) (width 0.12))
    (fp_line (start -2.45 1.12) (end -2.45 -1.12) (layer F.CrtYd) (width 0.05))
    (fp_line (start -2.45 -1.12) (end 2.45 -1.12) (layer F.CrtYd) (width 0.05))
    (fp_line (start 2.45 -1.12) (end 2.45 1.12) (layer F.CrtYd) (width 0.05))
    (fp_line (start 2.45 1.12) (end -2.45 1.12) (layer F.CrtYd) (width 0.05))
    (fp_text user %R (at 0 0 270) (layer F.Fab)
      (effects (font (size 0.8 0.8) (thickness 0.12)))
    )
    (pad 1 smd roundrect (at -1.4875 0 270) (size 1.425 1.75) (layers F.Cu F.Paste F.Mask) (roundrect_rratio 0.175439)
      (net 64 GNDPWR))
    (pad 2 smd roundrect (at 1.4875 0 270) (size 1.425 1.75) (layers F.Cu F.Paste F.Mask) (roundrect_rratio 0.175439)
      (net 73 /Filament_PWR))
    (model ${KISYS3DMOD}/Capacitor_SMD.3dshapes/C_1206_3216Metric.wrl
      (at (xyz 0 0 0))
      (scale (xyz 1 1 1))
      (rotate (xyz 0 0 0))
    )
  )

  (module Package_QFP:LQFP-32_7x7mm_P0.8mm (layer F.Cu) (tedit 5A02F146) (tstamp 5C15712C)
    (at 76.6 34.4)
    (descr "LQFP32: plastic low profile quad flat package; 32 leads; body 7 x 7 x 1.4 mm (see NXP sot358-1_po.pdf and sot358-1_fr.pdf)")
    (tags "QFP 0.8")
    (path /5C025ADD/5C025C2F)
    (attr smd)
